Data load is complete.
Number of measurements :1224, Number of ground truths: 1224
Initializing Fusion Unscented Kalman Filter
x_ =      8.44648
    0.251318
    -3.03655
   0.0280429
-3.13787e-05
P_ =     0.022011  7.30798e-08    0.0010863  5.45315e-05  2.38541e-06
 7.30798e-08    0.0220085  3.12509e-05  -0.00189555 -8.29184e-05
   0.0010863  3.12509e-05     0.998091   1.0449e-17 -2.94937e-18
 5.45315e-05  -0.00189555  1.04626e-17     0.995183    0.0496948
 2.38541e-06 -8.29184e-05 -2.94937e-18    0.0496948      1.00074
x_ =     8.46677
   0.247892
   -2.69325
  0.0390231
0.000952758
P_ =    0.0178296 -7.44845e-05    0.0019647   0.00178926  0.000169871
-7.44845e-05    0.0203355  2.09187e-05   -0.0603595   -0.0055477
   0.0019647  2.09187e-05     0.812301  0.000497547  7.17975e-05
  0.00178926   -0.0603595  0.000497547     0.920264    0.0921269
 0.000169871   -0.0055477  7.17975e-05    0.0921269      1.00078
x_ =      8.42278
    0.250536
    -2.63044
   0.0237951
-0.000820941
P_ =    0.0119865 -0.000102942    0.0199175   0.00179857  0.000222441
-0.000102942    0.0148824  0.000716084   -0.0507912  -0.00600118
   0.0199175  0.000716084      0.77504  0.000569738  6.10912e-05
  0.00179857   -0.0507912  0.000569738     0.592751     0.102157
 0.000222441  -0.00600118  6.10912e-05     0.102157     0.996806
x_ =     8.33083
   0.249429
   -2.61319
  0.0206001
-0.00136372
P_ =     0.010745 -0.000420146    0.0130031   0.00251219  0.000467876
-0.000420146    0.0232682   3.8292e-05    -0.077692   -0.0138642
   0.0130031   3.8292e-05     0.448107   0.00270927  0.000804121
  0.00251219    -0.077692   0.00270927     0.453223     0.129484
 0.000467876   -0.0138642  0.000804121     0.129484      0.99281
x_ =     8.22693
   0.248387
   -2.59194
   0.018019
-0.00201389
P_ =   0.00900178 -0.000205037    0.0225861   0.00111185  0.000250876
-0.000205037    0.0155483    0.0003801   -0.0425247   -0.0106093
   0.0225861    0.0003801     0.410926   0.00111968  0.000440882
  0.00111185   -0.0425247   0.00111968     0.209908     0.119068
 0.000250876   -0.0106093  0.000440882     0.119068     0.977508
x_ =   7.98862
 0.223074
 -3.57821
0.0713565
0.0256392
P_ =   0.00799309 -0.000376643    0.0104564    0.0013751  0.000656844
-0.000376643    0.0195975 -0.000658006   -0.0469231   -0.0190149
   0.0104564 -0.000658006     0.145508   0.00351118   0.00302291
   0.0013751   -0.0469231   0.00351118     0.168858     0.145473
 0.000656844   -0.0190149   0.00302291     0.145473     0.969123
x_ =   7.83105
 0.178013
 -3.56994
 0.137737
0.0658329
P_ =   0.0068317 -0.00038196   0.0123625  0.00131654   0.0012121
-0.00038196   0.0144769  2.7203e-05  -0.0279802  -0.0171585
  0.0123625  2.7203e-05    0.136251   0.0016652   0.0014785
 0.00131654  -0.0279802   0.0016652   0.0878025    0.133769
  0.0012121  -0.0171585   0.0014785    0.133769     0.93292
x_ =   7.6674
0.149816
-3.52063
0.154553
0.093291
P_ =   0.00637737 -3.69818e-05   0.00825615  0.000178986 -0.000926339
-3.69818e-05    0.0173612   0.00634116   -0.0288197   -0.0263998
  0.00825615   0.00634116    0.0744547   -0.0143047   -0.0292071
 0.000178986   -0.0288197   -0.0143047    0.0728287     0.146701
-0.000926339   -0.0263998   -0.0292071     0.146701     0.893314
x_ =   7.51008
 0.143338
 -3.49833
 0.129065
0.0560557
P_ =   0.00560867 -0.000232316   0.00875359  0.000801948   0.00110994
-0.000232316     0.012823   0.00420078    -0.019216   -0.0238574
  0.00875359   0.00420078    0.0687035  -0.00807079   -0.0197128
 0.000801948    -0.019216  -0.00807079    0.0514811     0.143888
  0.00110994   -0.0238574   -0.0197128     0.143888     0.835085
x_ =   7.43659
0.0685754
 -2.99856
 0.272312
 0.475443
P_ =    0.0054606 -8.62975e-05   0.00704827  0.000315679 -0.000367917
-8.62975e-05    0.0151935   0.00627533   -0.0218469   -0.0362503
  0.00704827   0.00627533    0.0455815   -0.0121733   -0.0330786
 0.000315679   -0.0218469   -0.0121733    0.0531853     0.159513
-0.000367917   -0.0362503   -0.0330786     0.159513     0.777858
x_ =  7.29631
0.027842
-2.97764
0.293712
0.468934
P_ =  0.00500981 -0.00039919  0.00704969  0.00146756  0.00368816
-0.00039919   0.0116236  0.00452225  -0.0166694  -0.0313056
 0.00704969  0.00452225   0.0416034 -0.00788249  -0.0219675
 0.00146756  -0.0166694 -0.00788249   0.0473112    0.153805
 0.00368816  -0.0313056  -0.0219675    0.153805    0.687328
x_ =     7.14298
-0.00730039
   -2.98298
   0.290833
   0.390852
P_ =   0.00494533  3.66625e-05   0.00634256  0.000285402 -0.000293931
 3.66625e-05    0.0118513   0.00748018    -0.015825   -0.0289826
  0.00634256   0.00748018    0.0352085   -0.0147207   -0.0419473
 0.000285402    -0.015825   -0.0147207    0.0420955     0.129215
-0.000293931   -0.0289826   -0.0419473     0.129215     0.521489
x_ =    7.00349
-0.0552715
  -2.96538
  0.314533
  0.396424
P_ =   0.00460293 -0.000238704   0.00602007   0.00129608   0.00299649
-0.000238704    0.0101518   0.00585346   -0.0142342   -0.0284202
  0.00602007   0.00585346    0.0310957    -0.010798   -0.0296458
  0.00129608   -0.0142342    -0.010798    0.0413334     0.124837
  0.00299649   -0.0284202   -0.0296458     0.124837      0.45629
x_ =   6.90968
-0.203001
 -2.86763
 0.606548
  1.13976
P_ =  0.00460322 8.09249e-05  0.00569893 0.000415643 0.000251469
8.09249e-05   0.0105141  0.00746757  -0.0138765  -0.0263847
 0.00569893  0.00746757   0.0280768  -0.0137514  -0.0356571
0.000415643  -0.0138765  -0.0137514   0.0361493    0.100378
0.000251469  -0.0263847  -0.0356571    0.100378    0.333575
x_ =  6.79762
-0.28225
-2.84403
0.655896
 1.11727
P_ =     0.004392 -0.000587047   0.00474998     0.002604   0.00608611
-0.000587047   0.00914379    0.0062243   -0.0126372   -0.0242621
  0.00474998    0.0062243    0.0246801   -0.0106046   -0.0261211
    0.002604   -0.0126372   -0.0106046    0.0356863    0.0945367
  0.00608611   -0.0242621   -0.0261211    0.0945367     0.287587
x_ =   6.68688
-0.362598
 -2.84122
 0.696484
  1.08456
P_ =  0.00431842 5.76224e-05    0.004898 0.000985452  0.00159315
5.76224e-05  0.00701463  0.00594353 -0.00636869 -0.00797909
   0.004898  0.00594353   0.0235672  -0.0083031  -0.0188398
0.000985452 -0.00636869  -0.0083031   0.0167338   0.0414574
 0.00159315 -0.00797909  -0.0188398   0.0414574    0.130588
x_ =   6.59304
-0.458624
 -2.83149
 0.758112
  1.09826
P_ =   0.00409858 -0.000252896   0.00414595   0.00201894   0.00400418
-0.000252896   0.00647453   0.00551155  -0.00651633  -0.00943998
  0.00414595   0.00551155     0.021282  -0.00747173   -0.0165094
  0.00201894  -0.00651633  -0.00747173    0.0183103    0.0436857
  0.00400418  -0.00943998   -0.0165094    0.0436857     0.124846
x_ =   6.55198
-0.633053
 -2.84883
  1.02747
  1.57029
P_ =  0.00409343 0.000105898  0.00429015  0.00119943  0.00184808
0.000105898  0.00565311  0.00537674 -0.00406126 -0.00392454
 0.00429015  0.00537674   0.0203467 -0.00589194  -0.0121144
 0.00119943 -0.00406126 -0.00589194   0.0106592   0.0240129
 0.00184808 -0.00392454  -0.0121144   0.0240129   0.0703878
x_ =  6.49633
-0.73315
-2.81292
   1.094
  1.5611
P_ =   0.00393492 -0.000179951   0.00336621   0.00218353   0.00388287
-0.000179951   0.00523583   0.00517514  -0.00412345  -0.00473495
  0.00336621   0.00517514    0.0187118  -0.00565959   -0.0113967
  0.00218353  -0.00412345  -0.00565959    0.0119882    0.0259527
  0.00388287  -0.00473495   -0.0113967    0.0259527    0.0690142
x_ =   6.45127
-0.893688
 -2.83321
  1.24566
  1.69404
P_ =   0.00402828   0.00013731   0.00363431   0.00170054   0.00255863
  0.00013731   0.00454192   0.00464064  -0.00207976 -0.000668325
  0.00363431   0.00464064    0.0173362  -0.00303181  -0.00551967
  0.00170054  -0.00207976  -0.00303181   0.00655589    0.0134524
  0.00255863 -0.000668325  -0.00551967    0.0134524    0.0382498
x_ =  6.41746
-1.04492
  -2.829
 1.34509
 1.70297
P_ =   0.00397115 -3.08846e-05   0.00282806   0.00242286   0.00382303
-3.08846e-05   0.00428196   0.00462663  -0.00211901  -0.00127109
  0.00282806   0.00462663     0.016345  -0.00316669  -0.00577908
  0.00242286  -0.00211901  -0.00316669   0.00758851    0.0149334
  0.00382303  -0.00127109  -0.00577908    0.0149334    0.0382872
x_ =  6.30591
-1.12049
 -2.7212
 1.21879
 1.30798
P_ =    0.0040984  0.000237217    0.0030755   0.00214783   0.00297863
 0.000237217   0.00394965   0.00431217 -0.000979531  0.000646403
   0.0030755   0.00431217    0.0151801  -0.00133504  -0.00222131
  0.00214783 -0.000979531  -0.00133504   0.00490972   0.00921716
  0.00297863  0.000646403  -0.00222131   0.00921716    0.0251678
x_ =  6.25886
-1.26026
-2.71939
 1.28959
 1.30727
P_ =  0.00405259 0.000136217  0.00254458  0.00254715  0.00356425
0.000136217  0.00378359  0.00429425 -0.00108742 3.31151e-05
 0.00254458  0.00429425   0.0144472 -0.00156224 -0.00272665
 0.00254715 -0.00108742 -0.00156224  0.00558723   0.0101372
 0.00356425 3.31151e-05 -0.00272665   0.0101372   0.0253932
x_ =  6.33998
-1.47233
-2.80205
 1.58714
 1.68292
P_ =   0.00415829   0.00030544   0.00272166   0.00231337   0.00286626
  0.00030544   0.00372516   0.00431541 -0.000634207  0.000623383
  0.00272166   0.00431541    0.0139508 -0.000798101  -0.00138358
  0.00231337 -0.000634207 -0.000798101   0.00426228   0.00740137
  0.00286626  0.000623383  -0.00138358   0.00740137    0.0193605
x_ =  6.35176
-1.63036
-2.80667
 1.68199
 1.68428
P_ =   0.00407794  0.000251721   0.00202671   0.00264821   0.00334052
 0.000251721   0.00355614   0.00425588 -0.000541519  0.000480446
  0.00202671   0.00425588    0.0133708   -0.0010512  -0.00187007
  0.00264821 -0.000541519   -0.0010512   0.00474087   0.00802441
  0.00334052  0.000480446  -0.00187007   0.00802441     0.019654
x_ =  6.28827
-1.72268
-2.69244
  1.6065
 1.42749
P_ =   0.00422354  0.000451709   0.00215679   0.00260198   0.00302497
 0.000451709   0.00347019   0.00406675   1.1246e-05   0.00122705
  0.00215679   0.00406675    0.0123669 -6.19177e-05 -0.000241191
  0.00260198   1.1246e-05 -6.19177e-05   0.00394923   0.00643603
  0.00302497   0.00122705 -0.000241191   0.00643603    0.0162865
x_ =  6.28683
-1.87152
-2.71275
 1.67149
 1.41589
P_ =   0.00408524  0.000403586   0.00163691   0.00274059   0.00320498
 0.000403586   0.00332104   0.00396468  3.51928e-05   0.00102134
  0.00163691   0.00396468    0.0118933 -0.000337478 -0.000753886
  0.00274059  3.51928e-05 -0.000337478   0.00422606    0.0067873
  0.00320498   0.00102134 -0.000753886    0.0067873    0.0164235
x_ =  6.33108
-2.02624
-2.75739
 1.78826
 1.48528
P_ =  0.00422349 0.000551113  0.00175119  0.00269504  0.00291861
0.000551113  0.00334989  0.00394634 0.000352657  0.00137306
 0.00175119  0.00394634   0.0113059 0.000266486 0.000189196
 0.00269504 0.000352657 0.000266486  0.00373123  0.00578905
 0.00291861  0.00137306 0.000189196  0.00578905   0.0143712
x_ =  6.36039
-2.17115
-2.77188
 1.85869
  1.4782
P_ =   0.00406983  0.000523571    0.0012401    0.0027674   0.00302269
 0.000523571   0.00322965    0.0038286  0.000417638   0.00127991
   0.0012401    0.0038286    0.0109534 -9.84224e-06 -0.000288249
   0.0027674  0.000417638 -9.84224e-06   0.00391821   0.00603746
  0.00302269   0.00127991 -0.000288249   0.00603746    0.0145349
x_ =  6.35344
 -2.3028
-2.70744
  1.8596
 1.35744
P_ =  0.00432622  0.00070748   0.0012851  0.00288631  0.00298743
 0.00070748  0.00335042  0.00384898 0.000767854  0.00166682
  0.0012851  0.00384898   0.0104242 0.000506607 0.000506646
 0.00288631 0.000767854 0.000506607  0.00375758   0.0055985
 0.00298743  0.00166682 0.000506646   0.0055985   0.0135919
x_ =   6.3881
-2.46093
-2.72736
 1.92361
 1.34287
P_ =  0.00419921 0.000682775  0.00081705  0.00292668  0.00304719
0.000682775  0.00327654  0.00375201 0.000820622  0.00157445
 0.00081705  0.00375201   0.0102556 0.000220625 3.79959e-05
 0.00292668 0.000820622 0.000220625  0.00390246  0.00580251
 0.00304719  0.00157445 3.79959e-05  0.00580251    0.013852
x_ =  6.43613
 -2.6075
-2.73207
 1.98747
 1.32846
P_ =  0.00445728 0.000860014 0.000855834  0.00304841  0.00302949
0.000860014  0.00344652  0.00380191  0.00112364  0.00188498
0.000855834  0.00380191  0.00982083 0.000628013 0.000659553
 0.00304841  0.00112364 0.000628013  0.00384487  0.00556097
 0.00302949  0.00188498 0.000659553  0.00556097   0.0133115
x_ =  6.48488
-2.75981
-2.74965
 2.04603
 1.31113
P_ =   0.0042787 0.000826664 0.000407134  0.00300607  0.00300297
0.000826664  0.00337559   0.0036674  0.00117362  0.00182113
0.000407134   0.0036674  0.00971196  0.00034413 0.000214467
 0.00300607  0.00117362  0.00034413  0.00391139  0.00568815
 0.00300297  0.00182113 0.000214467  0.00568815   0.0135301
x_ =  6.50512
-2.87777
-2.69432
 2.05564
 1.23057
P_ =  0.00448919 0.000995153 0.000422511  0.00311027   0.0030027
0.000995153  0.00354821  0.00366963  0.00145952  0.00211959
0.000422511  0.00366963  0.00921077 0.000665833 0.000711548
 0.00311027  0.00145952 0.000665833  0.00392879  0.00560106
  0.0030027  0.00211959 0.000711548  0.00560106   0.0132177
x_ = 6.54064
-3.0237
-2.7186
2.09008
1.20007
P_ =   0.0042285 0.000918034 5.04707e-05  0.00297208  0.00288457
0.000918034  0.00342835  0.00348729  0.00144558  0.00200693
5.04707e-05  0.00348729  0.00907757 0.000400679 0.000308866
 0.00297208  0.00144558 0.000400679  0.00390579  0.00563184
 0.00288457  0.00200693 0.000308866  0.00563184   0.0132764
x_ =  6.60169
-3.16412
-2.72239
 2.13825
 1.17785
P_ =  0.00451243  0.00111177 4.76516e-05  0.00314646  0.00298083
 0.00111177  0.00368278  0.00354848  0.00175334  0.00232145
4.76516e-05  0.00354848  0.00875527 0.000668565 0.000725037
 0.00314646  0.00175334 0.000668565  0.00403549  0.00570488
 0.00298083  0.00232145 0.000725037  0.00570488    0.013288
x_ =  6.65124
-3.32098
-2.74606
 2.17091
 1.14301
P_ =   0.00428104   0.00104098 -0.000305526   0.00300804   0.00286855
  0.00104098   0.00359675   0.00338211   0.00174991    0.0022368
-0.000305526   0.00338211   0.00876017  0.000415684  0.000344485
  0.00300804   0.00174991  0.000415684   0.00401026   0.00574127
  0.00286855    0.0022368  0.000344485   0.00574127    0.0134429
x_ =  6.73685
-3.45997
-2.77415
 2.23112
 1.14385
P_ =   0.00458095   0.00125527 -0.000325688   0.00320703    0.0030123
  0.00125527   0.00389873   0.00343486   0.00208358   0.00258417
-0.000325688   0.00343486   0.00845515   0.00063565  0.000690708
  0.00320703   0.00208358   0.00063565   0.00420869   0.00592255
   0.0030123   0.00258417  0.000690708   0.00592255    0.0136177
x_ =  6.81067
-3.61099
 -2.7976
 2.26798
 1.11489
P_ =   0.00431135   0.00116082 -0.000648951   0.00301516   0.00284659
  0.00116082    0.0037954   0.00324595   0.00205443   0.00248994
-0.000648951   0.00324595   0.00849403  0.000394767  0.000332742
  0.00301516   0.00205443  0.000394767   0.00413166   0.00590306
  0.00284659   0.00248994  0.000332742   0.00590306    0.0137052
x_ =  6.88545
-3.73533
-2.77054
 2.30142
  1.0782
P_ =    0.0046284   0.00140548 -0.000701872   0.00324399   0.00304385
  0.00140548   0.00415645   0.00327265   0.00243408   0.00289481
-0.000701872   0.00327265   0.00819544  0.000555128  0.000590842
  0.00324399   0.00243408  0.000555128   0.00440513    0.0061939
  0.00304385   0.00289481  0.000590842    0.0061939    0.0140322
x_ =  6.95328
-3.89087
-2.79384
 2.32118
 1.03583
P_ =   0.00432026   0.00127071 -0.000983728   0.00300186   0.00282426
  0.00127071    0.0040131   0.00307148   0.00235429   0.00275442
-0.000983728   0.00307148   0.00826621  0.000331616  0.000261904
  0.00300186   0.00235429  0.000331616   0.00427752   0.00611415
  0.00282426   0.00275442  0.000261904   0.00611415    0.0140371
x_ =  7.02751
-4.01155
-2.76221
 2.34742
0.997831
P_ =  0.00464332  0.00152899 -0.00104075  0.00324644  0.00305132
 0.00152899  0.00441691  0.00309118  0.00275314  0.00317793
-0.00104075  0.00309118  0.00799125 0.000457429 0.000469103
 0.00324644  0.00275314 0.000457429  0.00459414  0.00646136
 0.00305132  0.00317793 0.000469103  0.00646136   0.0144293
x_ =  7.08581
-4.17109
-2.78055
 2.35028
0.943606
P_ =  0.00431279  0.00135484 -0.00127465  0.00297092  0.00279706
 0.00135484   0.0042205  0.00288986  0.00261384  0.00297944
-0.00127465  0.00288986  0.00808446 0.000255541 0.000175018
 0.00297092  0.00261384 0.000255541  0.00442155  0.00632583
 0.00279706  0.00297944 0.000175018  0.00632583   0.0143547
x_ =  7.14666
-4.27963
-2.70011
 2.36075
0.888763
P_ =  0.00464409  0.00162476 -0.00132206  0.00323289  0.00305232
 0.00162476  0.00465853  0.00291383  0.00302561    0.003413
-0.00132206  0.00291383  0.00783447 0.000364821 0.000357148
 0.00323289  0.00302561 0.000364821  0.00477024  0.00670895
 0.00305232    0.003413 0.000357148  0.00670895   0.0147805
x_ =  7.20289
-4.42752
-2.70632
 2.36057
0.838835
P_ =  0.00430144   0.0014091 -0.00150534  0.00293939  0.00277966
  0.0014091  0.00439096  0.00272559  0.00281556  0.00313973
-0.00150534  0.00272559  0.00794305 0.000186486 0.000100784
 0.00293939  0.00281556 0.000186486  0.00456349  0.00652993
 0.00277966  0.00313973 0.000100784  0.00652993   0.0146438
x_ =  7.28027
-4.53975
-2.67355
 2.38097
0.808085
P_ =  0.00463381  0.00167882 -0.00153737  0.00321552  0.00305419
 0.00167882  0.00484195  0.00276158  0.00322901  0.00356881
-0.00153737  0.00276158  0.00771792 0.000292064 0.000275733
 0.00321552  0.00322901 0.000292064  0.00494224  0.00694231
 0.00305419  0.00356881 0.000275733  0.00694231   0.0150946
x_ =  7.32853
-4.69882
 -2.6811
 2.36473
0.746105
P_ =  0.00428742  0.00144114  -0.0016824  0.00291349  0.00277172
 0.00144114  0.00452668  0.00258707  0.00297558  0.00325679
 -0.0016824  0.00258707  0.00783895 0.000135843 5.41399e-05
 0.00291349  0.00297558 0.000135843  0.00471135  0.00673103
 0.00277172  0.00325679 5.41399e-05  0.00673103   0.0149128
x_ =   7.4345
-4.82679
-2.72213
 2.39619
0.739907
P_ =  0.00463106  0.00172309 -0.00169733  0.00321271  0.00307514
 0.00172309  0.00499727  0.00263664  0.00340112  0.00369591
-0.00169733  0.00263664  0.00762949 0.000243174 0.000228174
 0.00321271  0.00340112 0.000243174  0.00511728   0.0071668
 0.00307514  0.00369591 0.000228174   0.0071668   0.0153776
x_ =  7.48504
-4.98885
-2.72776
 2.37397
0.675795
P_ =  0.00429018  0.00147854 -0.00181156   0.0029085  0.00279062
 0.00147854    0.004651  0.00247464  0.00311664  0.00336152
-0.00181156  0.00247464  0.00775566  0.00010489 3.47272e-05
  0.0029085  0.00311664  0.00010489  0.00485379  0.00691299
 0.00279062  0.00336152 3.47272e-05  0.00691299   0.0151379
x_ =  7.56514
-5.10474
-2.70457
 2.38662
0.648703
P_ =  0.00466266  0.00179421 -0.00181759  0.00324425   0.0031374
 0.00179421  0.00516493  0.00253194  0.00357546  0.00383696
-0.00181759  0.00253194  0.00755978 0.000208483 0.000198667
 0.00324425  0.00357546 0.000208483   0.0052889  0.00737399
  0.0031374  0.00383696 0.000198667  0.00737399   0.0156235
x_ =  7.61453
-5.27255
-2.71168
 2.35694
0.581916
P_ =  0.00431714  0.00152442  -0.0019031  0.00293109  0.00284045
 0.00152442   0.0047603  0.00238775  0.00323527  0.00344399
 -0.0019031  0.00238775  0.00769247 8.57951e-05 3.01114e-05
 0.00293109  0.00323527 8.57951e-05  0.00498838  0.00707372
 0.00284045  0.00344399 3.01114e-05  0.00707372   0.0153269
x_ =  7.70577
  -5.392
-2.70567
 2.37138
0.562595
P_ =  0.00470554  0.00185451 -0.00188441   0.0032908  0.00321085
 0.00185451  0.00528611  0.00247019  0.00369938  0.00391889
-0.00188441  0.00247019  0.00750837  0.00020662 0.000214247
  0.0032908  0.00369938  0.00020662  0.00543794  0.00754107
 0.00321085  0.00391889 0.000214247  0.00754107   0.0158067
x_ =  7.76874
-5.54269
-2.70898
 2.35429
0.513787
P_ =  0.00435468   0.0015652 -0.00194798  0.00296952  0.00290356
  0.0015652   0.0048339  0.00233983  0.00331344  0.00348181
-0.00194798  0.00233983  0.00764174 9.49771e-05 6.35944e-05
 0.00296952  0.00331344 9.49771e-05   0.0051024  0.00719969
 0.00290356  0.00348181 6.35944e-05  0.00719969    0.015461
x_ =  7.84856
-5.65577
-2.68386
 2.36202
0.490932
P_ =  0.00476263  0.00191571 -0.00192039  0.00335509  0.00329889
 0.00191571  0.00537965  0.00243091  0.00379578  0.00397476
-0.00192039  0.00243091    0.007467  0.00021713 0.000243547
 0.00335509  0.00379578  0.00021713  0.00557411  0.00768542
 0.00329889  0.00397476 0.000243547  0.00768542   0.0159563
x_ =  7.89751
-5.81599
 -2.6847
 2.33009
0.431364
P_ =  0.00439619  0.00160262 -0.00196995  0.00301644  0.00296886
 0.00160262  0.00488607  0.00231047   0.0033709  0.00350093
-0.00196995  0.00231047  0.00760307 0.000113983 0.000106457
 0.00301644   0.0033709 0.000113983  0.00520765  0.00730909
 0.00296886  0.00350093 0.000106457  0.00730909   0.0155723
x_ =  8.01036
-5.93623
-2.76036
 2.35774
0.445641
P_ =  0.00474731  0.00191563 -0.00189802  0.00335935  0.00331659
 0.00191563  0.00535277  0.00240243  0.00378814  0.00392465
-0.00189802  0.00240243  0.00735498 0.000255467 0.000308968
 0.00335935  0.00378814 0.000255467  0.00562114  0.00772659
 0.00331659  0.00392465 0.000308968  0.00772659   0.0159177
x_ =   8.0647
-6.08826
-2.76866
 2.32859
0.393433
P_ =  0.00434721  0.00158881 -0.00192066   0.0029942  0.00296346
 0.00158881  0.00481827  0.00226863   0.0033312  0.00343494
-0.00192066  0.00226863  0.00740723 0.000157477 0.000180167
  0.0029942   0.0033312 0.000157477   0.0052048  0.00729648
 0.00296346  0.00343494 0.000180167  0.00729648   0.0154133
x_ =  8.15884
-6.20926
-2.75937
 2.33649
0.377696
P_ =  0.00481041  0.00198924 -0.00187007  0.00344111  0.00342321
 0.00198924  0.00540631   0.0023925  0.00385159  0.00396959
-0.00187007   0.0023925  0.00728208 0.000296073 0.000370405
 0.00344111  0.00385159 0.000296073  0.00570984  0.00780355
 0.00342321  0.00396959 0.000370405  0.00780355   0.0159351
x_ =  8.23378
-6.35479
-2.76421
 2.32209
0.342097
P_ =  0.00445236  0.00167156 -0.00190993  0.00310145   0.0030887
 0.00167156  0.00489995  0.00228813  0.00340354   0.0034821
-0.00190993  0.00228813  0.00743757 0.000198009 0.000241246
 0.00310145  0.00340354 0.000198009  0.00530375  0.00737758
  0.0030887   0.0034821 0.000241246  0.00737758   0.0155084
x_ =  8.31663
-6.47005
-2.74281
 2.32531
 0.32473
P_ =  0.00493703  0.00209157 -0.00185065  0.00356666  0.00355926
 0.00209157  0.00550276    0.002419  0.00393563  0.00402371
-0.00185065    0.002419  0.00730928 0.000339453 0.000429493
 0.00356666  0.00393563 0.000339453  0.00581919  0.00789296
 0.00355926  0.00402371 0.000429493  0.00789296   0.0160353
x_ =  8.37396
-6.62871
-2.74623
 2.29376
0.275021
P_ =   0.0045389  0.00173217 -0.00188986  0.00318329  0.00317421
 0.00173217  0.00494841  0.00231326  0.00343876  0.00348686
-0.00188986  0.00231326  0.00746151  0.00023886 0.000298537
 0.00318329  0.00343876  0.00023886  0.00536515  0.00742003
 0.00317421  0.00348686 0.000298537  0.00742003   0.0155614
x_ =  8.46257
-6.74714
-2.74313
 2.29968
0.265879
P_ =  0.00503999  0.00216027 -0.00180494  0.00366124  0.00365094
 0.00216027  0.00554716  0.00246947  0.00396359  0.00401384
-0.00180494  0.00246947  0.00733723 0.000404022 0.000514754
 0.00366124  0.00396359 0.000404022  0.00587998  0.00793063
 0.00365094  0.00401384 0.000514754  0.00793063   0.0160762
x_ =  8.53127
-6.88977
-2.74387
 2.28196
0.233548
P_ =  0.00461793  0.00177346 -0.00184363  0.00325446  0.00324399
 0.00177346   0.0049586  0.00236153  0.00343193  0.00344574
-0.00184363  0.00236153  0.00748519 0.000296774 0.000376539
 0.00325446  0.00343193 0.000296774  0.00539662  0.00743408
 0.00324399  0.00344574 0.000376539  0.00743408   0.0155837
x_ =   8.6046
-6.99669
-2.72947
 2.28203
0.220779
P_ =  0.00505588  0.00216043 -0.00173243  0.00367657  0.00366126
 0.00216043   0.0054794  0.00249668  0.00389557  0.00391414
-0.00173243  0.00249668  0.00727564 0.000463395 0.000592081
 0.00367657  0.00389557 0.000463395  0.00585005  0.00788268
 0.00366126  0.00391414 0.000592081  0.00788268   0.0159626
x_ =  8.65331
-7.14168
-2.73342
 2.25083
0.178657
P_ =  0.00457426  0.00174019  -0.0017561  0.00322836  0.00321759
 0.00174019   0.0048421  0.00236492  0.00333095  0.00332398
 -0.0017561  0.00236492  0.00733444 0.000351988 0.000451023
 0.00322836  0.00333095 0.000351988  0.00533781  0.00736245
 0.00321759  0.00332398 0.000451023  0.00736245   0.0153852
x_ =  8.76089
-7.26248
 -2.7936
 2.27109
0.197614
P_ =  0.00502399  0.00212742 -0.00162885  0.00366163  0.00364591
 0.00212742  0.00535282  0.00252279  0.00378762  0.00378472
-0.00162885  0.00252279  0.00716367  0.00053704 0.000687609
 0.00366163  0.00378762  0.00053704  0.00579368  0.00780712
 0.00364591  0.00378472 0.000687609  0.00780712   0.0157648
x_ =  8.81437
-7.41426
-2.80349
 2.23919
0.156001
P_ =  0.00456784  0.00173489 -0.00166284  0.00323819  0.00323187
 0.00173489  0.00476216  0.00239075  0.00326183  0.00324315
-0.00166284  0.00239075   0.0072337 0.000417999 0.000536016
 0.00323819  0.00326183 0.000417999   0.0053029  0.00730794
 0.00323187  0.00324315 0.000536016  0.00730794   0.0152204
x_ =  8.88035
-7.53772
-2.75537
 2.22345
0.124714
P_ =  0.00513562    0.002203 -0.00154172  0.00377059  0.00376268
   0.002203  0.00537195  0.00258848  0.00380205  0.00379035
-0.00154172  0.00258848  0.00717397 0.000612423 0.000776364
 0.00377059  0.00380205 0.000612423  0.00583533  0.00782677
 0.00376268  0.00379035 0.000776364  0.00782677   0.0157559
x_ =   8.93795
 -7.68834
 -2.75711
  2.19709
0.0916874
P_ =  0.00471303  0.00180693 -0.00159532  0.00337037    0.003368
 0.00180693  0.00479345  0.00247707  0.00327047  0.00322966
-0.00159532  0.00247707  0.00733647 0.000480071 0.000606561
 0.00337037  0.00327047 0.000480071  0.00536021  0.00734302
   0.003368  0.00322966 0.000606561  0.00734302   0.0153035
x_ =   9.01619
 -7.80613
 -2.76601
   2.1986
0.0900634
P_ =  0.00520215  0.00221361 -0.00142817   0.0038254  0.00380684
 0.00221361  0.00530286  0.00267139  0.00372101  0.00367743
-0.00142817  0.00267139  0.00719292 0.000701573 0.000883701
  0.0038254  0.00372101 0.000701573  0.00580566  0.00776676
 0.00380684  0.00367743 0.000883701  0.00776676   0.0156541
x_ =    9.0591
 -7.95362
 -2.77047
  2.16555
0.0528886
P_ =  0.00470773  0.00178057 -0.00147865  0.00337157  0.00336395
 0.00178057  0.00468131  0.00252464  0.00315724  0.00309573
-0.00147865  0.00252464    0.007257 0.000555171 0.000700831
 0.00337157  0.00315724 0.000555171  0.00529151   0.0072517
 0.00336395  0.00309573 0.000700831   0.0072517   0.0151078
x_ =    9.09886
  -8.07564
  -2.70497
   2.13526
0.00950086
P_ =  0.00530145  0.00224309 -0.00130079  0.00390957  0.00388392
 0.00224309  0.00525497  0.00277054  0.00365893  0.00359182
-0.00130079  0.00277054  0.00723334 0.000800922   0.0010009
 0.00390957  0.00365893 0.000800922  0.00579826  0.00773176
 0.00388392  0.00359182   0.0010009  0.00773176   0.0155922
x_ =    9.14908
  -8.21927
  -2.70267
   2.11144
-0.0145874
P_ =  0.00484891  0.00181448 -0.00136964  0.00349508  0.00348144
 0.00181448  0.00465656  0.00264142  0.00310138  0.00300655
-0.00136964  0.00264142  0.00738521  0.00063705 0.000794558
 0.00349508  0.00310138  0.00063705  0.00532607  0.00726552
 0.00348144  0.00300655 0.000794558  0.00726552   0.0151791
x_ =     9.22463
   -8.34165
   -2.72119
    2.11434
-0.00769476
P_ =  0.00534545  0.00220115 -0.00114565  0.00393849  0.00389019
 0.00220115  0.00511997  0.00287878  0.00350413  0.00339592
-0.00114565  0.00287878   0.0072837 0.000910424  0.00113222
 0.00393849  0.00350413 0.000910424  0.00573418  0.00763646
 0.00389019  0.00339592  0.00113222  0.00763646   0.0154575
x_ =    9.25728
  -8.48699
  -2.72445
   2.08019
-0.0408137
P_ =  0.00482631   0.0017559 -0.00122185  0.00347992  0.00345275
  0.0017559  0.00451236  0.00270792  0.00294741  0.00283003
-0.00122185  0.00270792  0.00732953 0.000729419 0.000910182
 0.00347992  0.00294741 0.000729419  0.00524262  0.00716148
 0.00345275  0.00283003 0.000910182  0.00716148   0.0149735
x_ =    9.29567
  -8.61912
  -2.67958
   2.04757
-0.0811575
P_ =   0.00543135   0.00219457 -0.000983677   0.00400714   0.00394443
  0.00219457   0.00503269   0.00299403   0.00339638   0.00326546
-0.000983677   0.00299403   0.00735135   0.00102471   0.00126488
  0.00400714   0.00339638   0.00102471   0.00570953   0.00758633
  0.00394443   0.00326546   0.00126488   0.00758633    0.0153837
x_ =   9.33535
 -8.76272
 -2.67634
  2.02195
-0.102002
P_ =  0.00496631  0.00176544 -0.00107804  0.00360034  0.00356256
 0.00176544  0.00446322  0.00283868  0.00285762  0.00270973
-0.00107804  0.00283868  0.00747974  0.00082334  0.00101485
 0.00360034  0.00285762  0.00082334  0.00527094   0.0071724
 0.00356256  0.00270973  0.00101485   0.0071724   0.0150469
x_ =    9.47588
  -8.89155
  -2.79874
   2.09313
0.00525154
P_ =   0.00547135    0.0021321 -0.000798498   0.00402778    0.0039373
   0.0021321   0.00488434   0.00310869   0.00321481   0.00304794
-0.000798498   0.00310869   0.00743077   0.00114117   0.00140075
  0.00402778   0.00321481   0.00114117    0.0056315   0.00747699
   0.0039373   0.00304794   0.00140075   0.00747699    0.0152351
x_ =    9.51311
  -9.04727
  -2.81285
   2.06071
-0.0262346
P_ =   0.00493842   0.00171689 -0.000930324    0.0035671   0.00350979
  0.00171689   0.00435684   0.00290605   0.00272949   0.00257836
-0.000930324   0.00290605   0.00744705  0.000918104   0.00112915
   0.0035671   0.00272949  0.000918104   0.00516622    0.0070446
  0.00350979   0.00257836   0.00112915    0.0070446    0.0148153
x_ =    9.55572
  -9.17203
  -2.78357
   2.03839
-0.0541067
P_ =   0.00551045   0.00213908 -0.000676785   0.00405155   0.00396268
  0.00213908     0.004824   0.00315358   0.00315113   0.00300569
-0.000676785   0.00315358   0.00738627   0.00120388   0.00146593
  0.00405155   0.00315113   0.00120388   0.00557768   0.00741903
  0.00396268   0.00300569   0.00146593   0.00741903    0.0151082
x_ =    9.59689
  -9.31254
  -2.78812
   2.01687
-0.0723831
P_ =    0.0049781   0.00171268 -0.000812517   0.00359745   0.00354367
  0.00171268   0.00428737   0.00294455   0.00265049    0.0025077
-0.000812517   0.00294455   0.00740036  0.000967362    0.0011771
  0.00359745   0.00265049  0.000967362   0.00512012   0.00699131
  0.00354367    0.0025077    0.0011771   0.00699131     0.014697
x_ =     9.6327
  -9.43721
  -2.76223
   1.99335
-0.0983039
P_ =   0.00554664   0.00211797 -0.000534952   0.00406688   0.00397146
  0.00211797   0.00472935   0.00320723   0.00304121   0.00289494
-0.000534952   0.00320723   0.00737596   0.00127072   0.00153543
  0.00406688   0.00304121   0.00127072   0.00550299   0.00732388
  0.00397146   0.00289494   0.00153543   0.00732388    0.0149355
x_ =   9.65089
 -9.58972
 -2.76947
  1.95596
-0.129844
P_ =   0.00501099   0.00168882 -0.000680766   0.00361902   0.00356112
  0.00168882   0.00420055     0.002991   0.00254348   0.00239517
-0.000680766     0.002991   0.00738383   0.00102175   0.00123226
  0.00361902   0.00254348   0.00102175    0.0050628    0.0069157
  0.00356112   0.00239517   0.00123226    0.0069157    0.0145529
x_ =   9.71693
 -9.72442
 -2.79338
  1.96197
-0.111167
P_ =    0.0055695   0.00206816 -0.000369427   0.00406195   0.00394781
  0.00206816   0.00460857   0.00327314   0.00288865   0.00272492
-0.000369427   0.00327314   0.00740615   0.00134877   0.00161934
  0.00406195   0.00288865   0.00134877    0.0053963   0.00717957
  0.00394781   0.00272492   0.00161934   0.00717957    0.0147026
x_ =   9.73603
 -9.87728
 -2.80139
   1.9278
-0.138809
P_ =   0.00504397   0.00165418 -0.000531874   0.00363016    0.0035606
  0.00165418     0.004109   0.00305004   0.00241633   0.00225513
-0.000531874   0.00305004   0.00740375   0.00108634   0.00130135
  0.00363016   0.00241633   0.00108634   0.00497949   0.00680147
   0.0035606   0.00225513   0.00130135   0.00680147    0.0143655
x_ =   9.75183
 -10.0188
 -2.76238
  1.88662
-0.184007
P_ =  0.00571754  0.00207858 -0.00019481  0.00414974  0.00401901
 0.00207858  0.00456193  0.00337752  0.00279225  0.00261336
-0.00019481  0.00337752  0.00753963  0.00143265  0.00170173
 0.00414974  0.00279225  0.00143265  0.00535618  0.00710488
 0.00401901  0.00261336  0.00170173  0.00710488   0.0146316
x_ =   9.78581
 -10.1631
 -2.75811
  1.86889
-0.191595
P_ =   0.00522922   0.00165996 -0.000371153    0.0037531   0.00366983
  0.00165996   0.00407852   0.00316578   0.00231133   0.00212307
-0.000371153   0.00316578   0.00760671   0.00114883   0.00135625
   0.0037531   0.00231133   0.00114883    0.0049754   0.00677432
  0.00366983   0.00212307   0.00135625   0.00677432    0.0144297
x_ =  9.82464
-10.2999
-2.75895
 1.85513
-0.19764
P_ =   0.00578367   0.00201221 -8.09218e-06   0.00415454   0.00398865
  0.00201221   0.00444537   0.00346229   0.00260371   0.00239343
-8.09218e-06   0.00346229    0.0076685   0.00150348   0.00177396
  0.00415454   0.00260371   0.00150348     0.005238   0.00695004
  0.00398865   0.00239343   0.00177396   0.00695004    0.0144606
x_ =   9.83479
 -10.4468
 -2.76384
   1.8237
-0.218309
P_ =  0.00520708  0.00157792 -0.00020611  0.00370563  0.00359759
 0.00157792   0.0039551  0.00320966  0.00213108  0.00192591
-0.00020611  0.00320966  0.00761878  0.00120814  0.00142595
 0.00370563  0.00213108  0.00120814  0.00484407  0.00661841
 0.00359759  0.00192591  0.00142595  0.00661841   0.0141919
x_ =   9.87768
 -10.5925
 -2.77228
  1.82104
-0.203811
P_ =  0.00585954   0.0019528 0.000188883  0.00416679  0.00396958
  0.0019528  0.00434874  0.00355072   0.0024309  0.00220035
0.000188883  0.00355072   0.0078128  0.00158048  0.00185402
 0.00416679   0.0024309  0.00158048  0.00513536  0.00681576
 0.00396958  0.00220035  0.00185402  0.00681576    0.014318
x_ =    9.8984
 -10.7467
 -2.77402
  1.79798
-0.215155
P_ =    0.0053454   0.00154893 -3.28606e-05   0.00377502   0.00364417
  0.00154893    0.0039167   0.00331837   0.00199776   0.00177387
-3.28606e-05   0.00331837   0.00783059    0.0012694   0.00148298
  0.00377502   0.00199776    0.0012694    0.0048027   0.00656073
  0.00364417   0.00177387   0.00148298   0.00656073    0.0142211
x_ =  9.90357
-10.8943
-2.74906
 1.75742
-0.25487
P_ =  0.00600809  0.00192277 0.000382623  0.00422713  0.00400055
 0.00192277  0.00430139   0.0036576  0.00229179  0.00204927
0.000382623   0.0036576  0.00802002  0.00165025  0.00192049
 0.00422713  0.00229179  0.00165025  0.00507825  0.00674439
 0.00400055  0.00204927  0.00192049  0.00674439   0.0143208
x_ =   9.90766
 -11.0485
 -2.74943
  1.72756
-0.270108
P_ =  0.00545012  0.00149796 0.000143115  0.00381611  0.00366379
 0.00149796  0.00386246  0.00340351  0.00184553    0.001607
0.000143115  0.00340351  0.00799925  0.00132115  0.00153367
 0.00381611  0.00184553  0.00132115  0.00475199  0.00650877
 0.00366379    0.001607  0.00153367  0.00650877   0.0142452
x_ =   9.92356
 -11.1837
 -2.74761
  1.71092
-0.273544
P_ =  0.00597734  0.00180146 0.000571733  0.00414022  0.00387337
 0.00180146  0.00417014  0.00370286  0.00206385   0.0018044
0.000571733  0.00370286  0.00813081  0.00169719  0.00197254
 0.00414022  0.00206385  0.00169719  0.00490546  0.00654841
 0.00387337   0.0018044  0.00197254  0.00654841   0.0140843
x_ =   9.91696
 -11.3305
 -2.75353
  1.67922
-0.290473
P_ =  0.00536185   0.0013836 0.000318875  0.00370897  0.00353063
  0.0013836  0.00373452  0.00341498  0.00164193  0.00139613
0.000318875  0.00341498  0.00799663  0.00136873  0.00159676
 0.00370897  0.00164193  0.00136873  0.00459136  0.00633259
 0.00353063  0.00139613  0.00159676  0.00633259   0.0139619
x_ =   9.93077
 -11.4701
 -2.75728
  1.66488
-0.289362
P_ =  0.00587763  0.00166728 0.000752428  0.00401333  0.00372002
 0.00166728    0.004022  0.00370796  0.00183792  0.00157517
0.000752428  0.00370796  0.00816686  0.00173517  0.00201962
 0.00401333  0.00183792  0.00173517  0.00471804  0.00633714
 0.00372002  0.00157517  0.00201962  0.00633714   0.0137613
x_ =   9.91521
 -11.6173
 -2.76331
  1.63103
-0.307515
P_ =  0.00530441  0.00128448 0.000497652  0.00363172  0.00343701
 0.00128448  0.00362615  0.00342535  0.00145654   0.0012083
0.000497652  0.00342535  0.00802077   0.0014125  0.00165001
 0.00363172  0.00145654   0.0014125  0.00446099  0.00618379
 0.00343701   0.0012083  0.00165001  0.00618379    0.013717
x_ =   9.84341
 -11.7488
 -2.70906
  1.52862
-0.430856
P_ =  0.00580938   0.0015505 0.000937387  0.00391432  0.00360073
  0.0015505  0.00389563  0.00371139  0.00163184  0.00136961
0.000937387  0.00371139  0.00822436  0.00176911  0.00205639
 0.00391432  0.00163184  0.00176911  0.00455632  0.00614696
 0.00360073  0.00136961  0.00205639  0.00614696   0.0134668
x_ =   9.81791
  -11.882
  -2.7058
  1.49546
-0.442129
P_ =  0.00525911  0.00116727 0.000710083  0.00357092  0.00336037
 0.00116727  0.00350422  0.00341696  0.00123583  0.00097101
0.000710083  0.00341696  0.00806638  0.00145418  0.00169846
 0.00357092  0.00123583  0.00145418  0.00434995  0.00604938
 0.00336037  0.00097101  0.00169846  0.00604938   0.0134917
x_ =    9.7933
 -12.0142
 -2.69971
  1.46097
-0.458582
P_ = 0.00567207 0.00136468 0.00115967 0.00374523 0.00337658
0.00136468 0.00372824 0.00369068  0.0013232 0.00102683
0.00115967 0.00369068 0.00835414 0.00177546 0.00205004
0.00374523  0.0013232 0.00177546   0.004319 0.00584011
0.00337658 0.00102683 0.00205004 0.00584011  0.0130113
x_ =   9.74851
 -12.1537
 -2.70513
  1.41903
-0.476186
P_ =  0.00516513  0.00102217  0.00093612  0.00345309  0.00319983
 0.00102217  0.00338598  0.00340649 0.000973153 0.000681596
 0.00093612  0.00340649  0.00818053  0.00147766  0.00171913
 0.00345309 0.000973153  0.00147766  0.00417524  0.00581816
 0.00319983 0.000681596  0.00171913  0.00581816   0.0131365
x_ =   9.67859
 -12.2834
 -2.68674
  1.33843
-0.557125
P_ =  0.00554976  0.00119665  0.00138422  0.00358685   0.0031683
 0.00119665  0.00359358  0.00366539  0.00103635 0.000721838
 0.00138422  0.00366539  0.00850316  0.00177097  0.00202946
 0.00358685  0.00103635  0.00177097  0.00409715  0.00555345
  0.0031683 0.000721838  0.00202946  0.00555345   0.0125974
x_ =   9.62643
 -12.4076
 -2.68201
  1.29819
-0.569146
P_ =   0.0050747  0.00087304  0.00118187  0.00333539  0.00304003
 0.00087304   0.0032796   0.0033758 0.000697781 0.000382829
 0.00118187   0.0033758  0.00831407  0.00149131  0.00172741
 0.00333539 0.000697781  0.00149131   0.0040071  0.00559628
 0.00304003 0.000382829  0.00172741  0.00559628   0.0128085
x_ =   9.50459
 -12.5191
 -2.65558
  1.17356
-0.703875
P_ =  0.00539433  0.00100831  0.00161855  0.00339093  0.00290894
 0.00100831    0.003466  0.00361311 0.000713726 0.000377262
 0.00161855  0.00361311  0.00868386  0.00172865  0.00195704
 0.00339093 0.000713726  0.00172865  0.00384677  0.00522828
 0.00290894 0.000377262  0.00195704  0.00522828   0.0121436
x_ =   9.43405
 -12.6305
  -2.6481
  1.12713
-0.715043
P_ =  0.00494156 0.000700486   0.0014499  0.00317358  0.00282004
0.000700486  0.00317984   0.0033095  0.00037784 3.36659e-05
  0.0014499   0.0033095  0.00848362  0.00147649  0.00169865
 0.00317358  0.00037784  0.00147649  0.00381421  0.00534149
 0.00282004 3.36659e-05  0.00169865  0.00534149   0.0124473
x_ =  9.35134
-12.7556
-2.64517
 1.06667
-0.74473
P_ =   0.00523797  0.000789959   0.00189162   0.00317012   0.00259779
 0.000789959   0.00337318   0.00354333  0.000319471 -5.10169e-05
  0.00189162   0.00354333   0.00899551   0.00162487   0.00179188
  0.00317012  0.000319471   0.00162487    0.0035893   0.00488695
  0.00259779 -5.10169e-05   0.00179188   0.00488695    0.0117492
x_ =   9.26894
 -12.8656
 -2.63224
  1.01806
-0.753317
P_ =  0.00486913 0.000514627  0.00175912  0.00302553  0.00259516
0.000514627  0.00315777  0.00326774 3.30022e-06 -0.00037226
 0.00175912  0.00326774  0.00886165  0.00140575  0.00158387
 0.00302553 3.30022e-06  0.00140575  0.00364302  0.00511385
 0.00259516 -0.00037226  0.00158387  0.00511385   0.0122763
x_ =   9.09227
  -12.946
 -2.62948
 0.846447
-0.943982
P_ =    0.0050617  0.000604322   0.00215265   0.00293024   0.00228473
 0.000604322   0.00332684   0.00345991 -3.53004e-05 -0.000403391
  0.00215265   0.00345991   0.00927737   0.00149897   0.00161831
  0.00293024 -3.53004e-05   0.00149897   0.00335251   0.00459975
  0.00228473 -0.000403391   0.00161831   0.00459975    0.0114359
x_ =   8.97103
 -13.0323
 -2.63146
 0.778098
-0.962944
P_ =   0.00462943  0.000349396   0.00202831    0.0027504   0.00224473
