Data load is complete.
Number of measurements :612, Number of ground truths: 612
Initializing Fusion Unscented Kalman Filter
x_ =     8.49695
   0.240174
   -2.71561
  0.0294361
6.12029e-05
P_ =    0.0917892  0.000613196   0.00208482  0.000562836  3.21531e-05
 0.000613196    0.0584325  2.15403e-05   -0.0142915 -0.000640197
  0.00208482  2.15403e-05     0.819337  2.00957e-05  1.81958e-06
 0.000562836   -0.0142915  2.00957e-05      0.98349    0.0978024
 3.21531e-05 -0.000640197  1.81958e-06    0.0978024      1.00281
x_ =      8.3596
   0.245496
    -2.7588
  0.0113291
-0.00320414
P_ =    0.0456897  0.000165222   0.00331399    0.0019756  0.000322056
 0.000165222    0.0373761  0.000113293   -0.0743079   -0.0127572
  0.00331399  0.000113293     0.668538 -0.000276879 -8.68297e-05
   0.0019756   -0.0743079 -0.000276879     0.817552     0.168028
 0.000322056   -0.0127572 -8.68297e-05     0.168028     0.999855
x_ =   7.95392
 0.202901
 -3.23207
 0.100427
0.0214296
P_ =    0.0307657 -0.000262457    0.0058609   0.00228061   0.00072293
-0.000262457    0.0397022  -0.00069105   -0.0887939   -0.0216854
   0.0058609  -0.00069105     0.523004   0.00361777   0.00167992
  0.00228061   -0.0887939   0.00361777     0.495737     0.182175
  0.00072293   -0.0216854   0.00167992     0.182175     0.980702
x_ =    7.62377
  0.168053
  -3.49199
 0.0949837
0.00835907
P_ =   0.0234739 -0.00043534  0.00877238  0.00189473 0.000110028
-0.00043534   0.0382841  0.00467775  -0.0687939  -0.0250419
 0.00877238  0.00467775    0.375236  -0.0135309  -0.0106648
 0.00189473  -0.0687939  -0.0135309    0.233034    0.165708
0.000110028  -0.0250419  -0.0106648    0.165708    0.940901
x_ =   7.42181
0.0962614
 -3.05487
 0.175244
0.0820727
P_ =    0.0193273  -0.00032634    0.0105098   0.00104611 -0.000600298
 -0.00032634    0.0341176   0.00781001    -0.047364   -0.0287863
   0.0105098   0.00781001     0.218543    -0.015421   -0.0204927
  0.00104611    -0.047364    -0.015421     0.117085     0.164585
-0.000600298   -0.0287863   -0.0204927     0.164585     0.881411
x_ =   7.12362
0.0199615
 -3.09269
 0.201818
0.0866205
P_ =   0.0167225 5.15015e-05  0.00996709 9.02355e-05 -0.00245943
5.15015e-05   0.0286344    0.013501  -0.0343845  -0.0322813
 0.00996709    0.013501    0.114785  -0.0258165   -0.052081
9.02355e-05  -0.0343845  -0.0258165   0.0818897    0.175408
-0.00245943  -0.0322813   -0.052081    0.175408    0.788891
x_ =   6.88661
-0.155814
 -2.76427
 0.430781
 0.564174
P_ =    0.0149469  0.000367062    0.0094638 -0.000557429  -0.00366768
 0.000367062    0.0247748    0.0142889   -0.0283324   -0.0368413
   0.0094638    0.0142889    0.0766361   -0.0265123   -0.0601397
-0.000557429   -0.0283324   -0.0265123    0.0698997     0.173608
 -0.00366768   -0.0368413   -0.0601397     0.173608     0.654996
x_ =   6.65499
-0.331484
 -2.76534
  0.57617
 0.735042
P_ =    0.0136406  0.000634969    0.0092036 -0.000757581  -0.00395008
 0.000634969    0.0184254    0.0152174   -0.0168472   -0.0174889
   0.0092036    0.0152174     0.065683   -0.0269274   -0.0606478
-0.000757581   -0.0168472   -0.0269274    0.0440118     0.108333
 -0.00395008   -0.0174889   -0.0606478     0.108333     0.386526
x_ =   6.52713
-0.634105
 -2.77242
  1.03478
  1.59783
P_ =    0.0126066  0.000696833   0.00864776 -0.000325559  -0.00267134
 0.000696833    0.0142171     0.013847  -0.00950786  -0.00563692
  0.00864776     0.013847    0.0568456   -0.0206075   -0.0430699
-0.000325559  -0.00950786   -0.0206075    0.0252093    0.0592509
 -0.00267134  -0.00563692   -0.0430699    0.0592509     0.207273
x_ =   6.41844
-0.900614
 -2.79047
  1.26318
  1.74077
P_ =   0.0118276 0.000437222  0.00712692  0.00148204  0.00120401
0.000437222   0.0105441  0.00990572 -0.00237683  0.00629981
 0.00712692  0.00990572   0.0437259 -0.00653167  -0.0101312
 0.00148204 -0.00237683 -0.00653167  0.00956455   0.0216914
 0.00120401  0.00629981  -0.0101312   0.0216914   0.0897637
x_ =  6.27905
-1.10431
   -2.59
 1.16832
 1.16836
P_ =    0.0114109    0.0006053   0.00629618   0.00242531   0.00263301
   0.0006053   0.00933036   0.00945504 -0.000181479   0.00736056
  0.00629618   0.00945504    0.0375119  -0.00159716 -0.000796055
  0.00242531 -0.000181479  -0.00159716   0.00648599    0.0143128
  0.00263301   0.00736056 -0.000796055    0.0143128    0.0573999
x_ =  6.33731
-1.43907
-2.68968
 1.61108
 1.76848
P_ =    0.0111185  0.000776261   0.00602525   0.00269723   0.00257674
 0.000776261   0.00876853   0.00985394  0.000208093   0.00540713
  0.00602525   0.00985394    0.0348738 -0.000783029 -0.000618887
  0.00269723  0.000208093 -0.000783029   0.00587373    0.0121853
  0.00257674   0.00540713 -0.000618887    0.0121853    0.0434958
x_ =  6.28874
-1.67539
 -2.4928
 1.59001
 1.37845
P_ =   0.0108475 0.000991944  0.00494797  0.00342944  0.00348656
0.000991944  0.00845651  0.00939297  0.00147267   0.0060348
 0.00494797  0.00939297   0.0294638   0.0015868  0.00307639
 0.00342944  0.00147267   0.0015868  0.00582543   0.0112214
 0.00348656   0.0060348  0.00307639   0.0112214   0.0359591
x_ =  6.33681
-1.97722
-2.60695
 1.79865
 1.49751
P_ =  0.0105927 0.00115948 0.00434513 0.00377513 0.00363821
0.00115948 0.00831587 0.00929423 0.00207712 0.00567317
0.00434513 0.00929423  0.0265203 0.00252711 0.00391278
0.00377513 0.00207712 0.00252711 0.00591497  0.0105626
0.00363821 0.00567317 0.00391278  0.0105626  0.0311056
x_ =  6.34944
-2.24901
-2.53877
 1.84868
 1.31524
P_ =   0.010525 0.00144842 0.00356889 0.00429432 0.00408187
0.00144842 0.00851406 0.00912341 0.00296371 0.00598508
0.00356889 0.00912341   0.023487 0.00335385 0.00470616
0.00429432 0.00296371 0.00335385  0.0064479   0.010702
0.00408187 0.00598508 0.00470616   0.010702   0.028962
x_ =  6.43131
-2.55447
-2.59425
 1.98075
   1.298
P_ =  0.0105896 0.00176698 0.00292506 0.00478087  0.0044165
0.00176698 0.00890241 0.00906118 0.00373828  0.0061568
0.00292506 0.00906118  0.0213689 0.00378773 0.00491506
0.00478087 0.00373828 0.00378773 0.00705655  0.0109708
 0.0044165  0.0061568 0.00491506  0.0109708   0.027884
x_ =   6.4897
-2.82467
-2.55067
 2.03264
 1.17144
P_ =  0.0106295 0.00209589 0.00223494 0.00517438 0.00467314
0.00209589 0.00935426  0.0087961 0.00452796 0.00649763
0.00223494  0.0087961  0.0192924 0.00395562 0.00487804
0.00517438 0.00452796 0.00395562  0.0076838  0.0113824
0.00467314 0.00649763 0.00487804  0.0113824  0.0274607
x_ =  6.58852
-3.11569
-2.60733
  2.1189
 1.13011
P_ =  0.0106909  0.0024091 0.00162823 0.00550124 0.00486043
 0.0024091 0.00984583 0.00852146 0.00521539  0.0067533
0.00162823 0.00852146  0.0177095 0.00394636 0.00467798
0.00550124 0.00521539 0.00394636 0.00826793  0.0117933
0.00486043  0.0067533 0.00467798  0.0117933  0.0273616
x_ =  6.73156
-3.41562
-2.69598
 2.22237
 1.11821
P_ =   0.010912  0.0028529  0.0010068 0.00591732 0.00517722
 0.0028529  0.0105968 0.00825151 0.00604438 0.00722093
 0.0010068 0.00825151  0.0164946 0.00379915 0.00435021
0.00591732 0.00604438 0.00379915 0.00898834  0.0124434
0.00517722 0.00722093 0.00435021  0.0124434  0.0279503
x_ =  6.87045
-3.69214
-2.68783
 2.28383
 1.04412
P_ =  0.0111859 0.00338447 0.00031461 0.00633372 0.00552804
0.00338447   0.011528 0.00784096 0.00696976 0.00785742
0.00031461 0.00784096  0.0153983 0.00345734 0.00382845
0.00633372 0.00696976 0.00345734 0.00975325  0.0132206
0.00552804 0.00785742 0.00382845  0.0132206  0.0288422
x_ =  7.00304
-3.96543
-2.67282
 2.32657
0.963779
P_ =    0.0114538   0.00390524 -0.000363255   0.00669798   0.00583303
  0.00390524    0.0124836   0.00734855   0.00783675   0.00844311
-0.000363255   0.00734855    0.0145376   0.00302081   0.00324132
  0.00669798   0.00783675   0.00302081    0.0104812    0.0139858
  0.00583303   0.00844311   0.00324132    0.0139858    0.0297638
x_ =  7.11997
-4.21492
-2.57398
 2.34476
0.859545
P_ =    0.0117232    0.0044067 -0.000982914   0.00702727    0.0061127
   0.0044067    0.0134175   0.00682801   0.00862146   0.00895443
-0.000982914   0.00682801    0.0138978   0.00256345   0.00267256
  0.00702727   0.00862146   0.00256345    0.0111654    0.0147162
   0.0061127   0.00895443   0.00267256    0.0147162    0.0306506
x_ =  7.25398
-4.47287
-2.55577
 2.36926
0.787654
P_ =   0.0119534   0.0048138 -0.00150068  0.00731013  0.00634326
  0.0048138   0.0141934  0.00634999  0.00925587  0.00930802
-0.00150068  0.00634999   0.0134641  0.00217382  0.00222356
 0.00731013  0.00925587  0.00217382   0.0118306   0.0154259
 0.00634326  0.00930802  0.00222356   0.0154259   0.0314991
x_ =  7.42972
 -4.7722
-2.65895
  2.3953
0.737536
P_ =   0.0122172  0.00523568 -0.00194357  0.00762017  0.00661246
 0.00523568   0.0149562  0.00590892  0.00986817  0.00966563
-0.00194357  0.00590892   0.0131573  0.00182461  0.00183585
 0.00762017  0.00986817  0.00182461   0.0125185   0.0161542
 0.00661246  0.00966563  0.00183585   0.0161542    0.032348
x_ =  7.56248
-5.04211
-2.64211
 2.39572
0.660985
P_ =   0.0126303  0.00583193 -0.00232747  0.00804683  0.00701663
 0.00583193   0.0159176   0.0055007   0.0105893   0.0101708
-0.00232747   0.0055007   0.0129355   0.0014908  0.00146657
 0.00804683   0.0105893   0.0014908   0.0132153   0.0168711
 0.00701663   0.0101708  0.00146657   0.0168711   0.0331526
x_ =  7.72159
-5.32095
-2.65172
 2.39675
0.593772
P_ =   0.0130742  0.00641989 -0.00261512  0.00848725  0.00741943
 0.00641989   0.0167941  0.00518037   0.0112221   0.0105772
-0.00261512  0.00518037   0.0127929   0.0012497  0.00122142
 0.00848725   0.0112221   0.0012497   0.0138735   0.0175213
 0.00741943   0.0105772  0.00122142   0.0175213   0.0338487
x_ =  7.85586
-5.58264
-2.62468
 2.38831
0.525188
P_ =   0.0135778  0.00704727 -0.00282555  0.00896869  0.00784988
 0.00704727   0.0176573  0.00493561   0.0118268   0.0109582
-0.00282555  0.00493561   0.0126972  0.00108167   0.0010644
 0.00896869   0.0118268  0.00108167   0.0145138   0.0181295
 0.00784988   0.0109582   0.0010644   0.0181295   0.0344694
x_ =  8.04637
-5.87665
-2.76769
  2.3949
0.491538
P_ =   0.0139531  0.00752245 -0.00291327  0.00933708  0.00816324
 0.00752245   0.0182037  0.00475641   0.0122034   0.0111346
-0.00291327  0.00475641   0.0124905  0.00101435  0.00103073
 0.00933708   0.0122034  0.00101435   0.0150046   0.0185735
 0.00816324   0.0111346  0.00103073   0.0185735   0.0347638
x_ =  8.20749
-6.14436
-2.75582
 2.38363
0.433248
P_ =   0.0145523  0.00825877 -0.00298185  0.00987455  0.00865067
 0.00825877   0.0190576   0.0046061   0.0127664   0.0115289
-0.00298185   0.0046061   0.0123442  0.00094642 0.000977637
 0.00987455   0.0127664  0.00094642   0.0155068   0.0189992
 0.00865067   0.0115289 0.000977637   0.0189992   0.0350445
x_ =  8.34885
-6.40592
-2.72292
 2.36699
0.374723
P_ =   0.0153453  0.00912805  -0.0030216   0.0105415  0.00921336
 0.00912805   0.0200602  0.00457108   0.0134117   0.0119525
 -0.0030216  0.00457108   0.0124027 0.000948545 0.000999143
  0.0105415   0.0134117 0.000948545   0.0160978   0.0194776
 0.00921336   0.0119525 0.000999143   0.0194776   0.0355161
x_ =  8.50052
-6.67244
-2.72292
 2.35243
0.326247
P_ =   0.0161035      0.0099 -0.00298232   0.0111439  0.00967923
     0.0099   0.0208645  0.00462377   0.0139007   0.0122053
-0.00298232  0.00462377   0.0124561  0.00103847  0.00112015
  0.0111439   0.0139007  0.00103847   0.0166089   0.0198733
 0.00967923   0.0122053  0.00112015   0.0198733   0.0358945
x_ =   8.6328
-6.92459
-2.70311
 2.33128
0.276994
P_ =   0.0166899   0.0104854 -0.00285047   0.0115851  0.00999404
  0.0104854    0.021349  0.00470576    0.014162   0.0122736
-0.00285047  0.00470576   0.0123554  0.00119014  0.00130693
  0.0115851    0.014162  0.00119014   0.0169447   0.0201109
 0.00999404   0.0122736  0.00130693   0.0201109   0.0359772
x_ =  8.81642
-7.19673
-2.81277
  2.3326
0.264669
P_ =   0.0171009    0.010879 -0.00262541   0.0118835     0.01018
   0.010879   0.0215241  0.00483011   0.0142239   0.0121832
-0.00262541  0.00483011   0.0121635  0.00141372  0.00156976
  0.0118835   0.0142239  0.00141372   0.0171521   0.0202251
    0.01018   0.0121832  0.00156976   0.0202251   0.0358267
x_ =  8.92899
-7.46413
-2.72959
 2.28726
0.193857
P_ =   0.0179567   0.0117223 -0.00245207   0.0125193   0.0106794
  0.0117223   0.0222768  0.00497698   0.0146851   0.0124803
-0.00245207  0.00497698   0.0121773  0.00158538  0.00174255
  0.0125193   0.0146851  0.00158538   0.0175726   0.0205186
  0.0106794   0.0124803  0.00174255   0.0205186   0.0360099
x_ =  9.07021
 -7.7366
-2.74921
 2.26442
  0.1596
P_ =   0.0187058   0.0123411 -0.00211661   0.0130282   0.0110055
  0.0123411   0.0226599  0.00529952   0.0148718   0.0124625
-0.00211661  0.00529952   0.0122525  0.00194592  0.00213258
  0.0130282   0.0148718  0.00194592   0.0178715   0.0206656
  0.0110055   0.0124625  0.00213258   0.0206656   0.0360298
x_ =   9.12433
 -7.99698
  -2.6387
   2.1924
0.0695749
P_ =   0.0195223   0.0129927 -0.00172661   0.0135557   0.0113373
  0.0129927   0.0230494  0.00567043   0.0150527    0.012448
-0.00172661  0.00567043   0.0123588  0.00234412  0.00254546
  0.0135557   0.0150527  0.00234412   0.0181405   0.0207823
  0.0113373    0.012448  0.00254546   0.0207823   0.0360328
x_ =  9.26879
-8.26977
-2.67992
 2.18008
0.060555
P_ =  0.0201179  0.0132716  -0.001119  0.0138448  0.0113796
 0.0132716  0.0228979 0.00623985  0.0148078  0.0119727
 -0.001119 0.00623985  0.0125903 0.00297396 0.00321127
 0.0138448  0.0148078 0.00297396  0.0181658   0.020618
 0.0113796  0.0119727 0.00321127   0.020618  0.0357141
x_ =    9.32386
  -8.55268
  -2.60966
   2.10056
-0.0272763
P_ =    0.0208721    0.0137329 -0.000535634    0.0142614    0.0115677
   0.0137329     0.022988   0.00676122    0.0147644    0.0117513
-0.000535634   0.00676122    0.0128252   0.00353372   0.00376084
   0.0142614    0.0147644   0.00353372    0.0183041    0.0205994
   0.0115677    0.0117513   0.00376084    0.0205994    0.0355896
x_ =  9.61628
-8.78644
-2.81775
 2.23833
0.152262
P_ =   0.0214273   0.0138614 0.000246909   0.0144168   0.0114387
  0.0138614   0.0226224  0.00742502   0.0143015   0.0110754
0.000246909  0.00742502   0.0132389  0.00426856  0.00448806
  0.0144168   0.0143015  0.00426856    0.018104   0.0201886
  0.0114387   0.0110754  0.00448806   0.0201886    0.035014
x_ =   9.69468
 -9.05418
 -2.76049
  2.18576
0.0897979
P_ =   0.0223461   0.0147634 0.000358608    0.015086   0.0120164
  0.0147634    0.023399  0.00745269   0.0149235   0.0116964
0.000358608  0.00745269   0.0130167   0.0042396  0.00433422
   0.015086   0.0149235   0.0042396   0.0186701   0.0207571
  0.0120164   0.0116964  0.00433422   0.0207571    0.035529
x_ =   9.74874
 -9.32707
 -2.71422
  2.12105
0.0209107
P_ =   0.0231748   0.0154359 0.000687275   0.0156095   0.0123847
  0.0154359   0.0238161  0.00766396   0.0152209   0.0119092
0.000687275  0.00766396   0.0129901  0.00444813  0.00447144
  0.0156095   0.0152209  0.00444813   0.0190149   0.0210175
  0.0123847   0.0119092  0.00447144   0.0210175   0.0356526
x_ =    9.85788
  -9.61944
  -2.76025
   2.09615
0.00839411
P_ =  0.0238673  0.0158265 0.00123509  0.0159142  0.0124692
 0.0158265  0.0238232 0.00804881  0.0151255  0.0116658
0.00123509 0.00804881  0.0131613 0.00487207 0.00485086
 0.0159142  0.0151255 0.00487207  0.0190314  0.0208717
 0.0124692  0.0116658 0.00485086  0.0208717  0.0353023
x_ =   9.86344
 -9.92178
 -2.69238
  1.99359
-0.095996
P_ =  0.0249926  0.0165125 0.00186095  0.0164563  0.0127333
 0.0165125  0.0241096 0.00854086  0.0151916  0.0115419
0.00186095 0.00854086  0.0135426 0.00533195 0.00523694
 0.0164563  0.0151916 0.00533195  0.0191266   0.020775
 0.0127333  0.0115419 0.00523694   0.020775  0.0351462
x_ =   9.93247
 -10.2299
 -2.70031
  1.94128
-0.133746
P_ =  0.0256182  0.0165209 0.00273631  0.0163739  0.0122811
 0.0165209  0.0235795 0.00915755  0.0144408  0.0105468
0.00273631 0.00915755  0.0141834 0.00597404 0.00581063
 0.0163739  0.0144408 0.00597404  0.0184672  0.0198528
 0.0122811  0.0105468 0.00581063  0.0198528  0.0340692
x_ =   10.0018
 -10.5092
 -2.71623
  1.91927
-0.130004
P_ =  0.0261889  0.0164495 0.00365548  0.0161787   0.011735
 0.0164495  0.0229919 0.00975439  0.0136085 0.00952999
0.00365548 0.00975439  0.0149038 0.00658419 0.00632635
 0.0161787  0.0136085 0.00658419   0.017689   0.018866
  0.011735 0.00952999 0.00632635   0.018866  0.0329841
x_ =   9.98847
 -10.8394
 -2.68536
  1.81246
-0.225633
P_ =  0.0271947  0.0167164 0.00459572  0.0163094  0.0115286
 0.0167164  0.0227854  0.0103855  0.0131136  0.0088951
0.00459572  0.0103855  0.0157527 0.00715431 0.00676593
 0.0163094  0.0131136 0.00715431  0.0172539  0.0182988
 0.0115286  0.0088951 0.00676593  0.0182988  0.0325503
x_ =   10.0088
 -11.1329
 -2.68954
   1.7629
-0.245604
P_ =  0.0273017  0.0161844 0.00551571  0.0155899   0.010466
 0.0161844  0.0218138  0.0108314  0.0118571 0.00752912
0.00551571  0.0108314   0.016625 0.00759699 0.00707469
 0.0155899  0.0118571 0.00759699  0.0159978  0.0168871
  0.010466 0.00752912 0.00707469  0.0168871  0.0310201
x_ =   10.0206
 -11.4258
 -2.70416
  1.71729
-0.258641
P_ =  0.0271851  0.0156059  0.0063241  0.0148066 0.00946347
 0.0156059  0.0208761  0.0111298  0.0107161 0.00639803
 0.0063241  0.0111298  0.0173341 0.00791813 0.00727464
 0.0148066  0.0107161 0.00791813  0.0148326  0.0156564
0.00946347 0.00639803 0.00727464  0.0156564  0.0296073
x_ =   9.83116
 -11.7622
 -2.65949
  1.48516
-0.494097
P_ =  0.0272261  0.0151722 0.00711088  0.0141766 0.00866339
 0.0151722  0.0201058  0.0113891 0.00976125 0.00549848
0.00711088  0.0113891   0.018061 0.00816679 0.00738783
 0.0141766 0.00976125 0.00816679  0.0138543  0.0146446
0.00866339 0.00549848 0.00738783  0.0146446  0.0284595
x_ =   9.78465
 -12.0232
 -2.65766
  1.42717
-0.501248
P_ =  0.0260187  0.0135783 0.00748944  0.0122166 0.00635833
 0.0135783  0.0183248  0.0111027 0.00757669 0.00328186
0.00748944  0.0111027  0.0189774 0.00768609 0.00662677
 0.0122166 0.00757669 0.00768609  0.0114696  0.0120459
0.00635833 0.00328186 0.00662677  0.0120459  0.0255293
x_ =    9.6327
 -12.3153
 -2.66785
  1.27004
-0.627948
P_ =  0.0253802  0.0125657 0.00802675  0.0109242 0.00491757
 0.0125657  0.0171555  0.0109869 0.00611494 0.00196201
0.00802675  0.0109869   0.019916 0.00737332 0.00610853
 0.0109242 0.00611494 0.00737332 0.00991133   0.010469
0.00491757 0.00196201 0.00610853   0.010469  0.0238456
x_ =   9.37847
  -12.575
 -2.68613
  1.04559
-0.822768
P_ =   0.0245165   0.0114126  0.00836883  0.00943778  0.00329521
  0.0114126   0.0159481   0.0106575  0.00456596 0.000591631
 0.00836883   0.0106575   0.0207785  0.00670088   0.0051792
 0.00943778  0.00456596  0.00670088  0.00824578  0.00879389
 0.00329521 0.000591631   0.0051792  0.00879389   0.0220639
x_ =   9.24872
 -12.7982
 -2.67476
 0.970191
-0.815289
P_ =     0.023463     0.010074    0.0084832   0.00775264   0.00146967
    0.010074    0.0147017    0.0100509   0.00285195 -0.000899408
   0.0084832    0.0100509     0.021565   0.00551608   0.00364859
  0.00775264   0.00285195   0.00551608   0.00653838   0.00712123
  0.00146967 -0.000899408   0.00364859   0.00712123    0.0204648
x_ =  8.92063
-13.0069
-2.73303
0.700351
-1.05967
P_ =   0.0229177  0.00925615  0.00896984  0.00662271 0.000394015
 0.00925615   0.0139665   0.0098049   0.0017338 -0.00165909
 0.00896984   0.0098049    0.022563  0.00471553   0.0026708
 0.00662271   0.0017338  0.00471553    0.005512  0.00627731
0.000394015 -0.00165909   0.0026708  0.00627731   0.0197858
x_ =  8.66201
-13.1532
 -2.7431
0.548629
-1.11573
P_ =    0.0219469   0.00825077   0.00909879   0.00521017 -0.000965615
  0.00825077    0.0131877   0.00921857  0.000465204  -0.00257335
  0.00909879   0.00921857    0.0230406   0.00335565   0.00102199
  0.00521017  0.000465204   0.00335565   0.00450234    0.0054657
-0.000965615  -0.00257335   0.00102199    0.0054657    0.0190979
x_ =  8.38458
-13.2631
-2.76448
 0.38383
-1.18818
P_ =    0.0211982   0.00753123   0.00945633   0.00402324  -0.00196016
  0.00753123    0.0126913   0.00881998 -0.000541125  -0.00316231
  0.00945633   0.00881998    0.0236036    0.0021398 -0.000350708
  0.00402324 -0.000541125    0.0021398   0.00389606   0.00513458
 -0.00196016  -0.00316231 -0.000350708   0.00513458    0.0189134
x_ =  8.06952
-13.3084
-2.80651
0.183391
-1.30265
P_ =    0.020574  0.00701111  0.00993493   0.0029167 -0.00278602
 0.00701111   0.0123894  0.00849761 -0.00142425 -0.00361773
 0.00993493  0.00849761   0.0241026 0.000941581 -0.00162214
  0.0029167 -0.00142425 0.000941581  0.00358605  0.00513588
-0.00278602 -0.00361773 -0.00162214  0.00513588    0.019059
x_ =   7.77058
 -13.3119
 -2.79325
0.0297085
 -1.31754
P_ =    0.0200828   0.00665682    0.0105193   0.00174089  -0.00363781
  0.00665682    0.0122951   0.00814596  -0.00236187  -0.00415482
   0.0105193   0.00814596     0.024483 -0.000374398  -0.00296425
  0.00174089  -0.00236187 -0.000374398   0.00360974   0.00554143
 -0.00363781  -0.00415482  -0.00296425   0.00554143    0.0198183
x_ =    7.55682
  -13.3553
   -2.6767
-0.0058322
  -1.16368
P_ =   0.0197024  0.00652679   0.0111186 0.000558903  -0.0044321
 0.00652679   0.0123077  0.00785037 -0.00318778 -0.00459557
  0.0111186  0.00785037    0.024585 -0.00161891 -0.00411253
0.000558903 -0.00318778 -0.00161891  0.00386869  0.00614827
 -0.0044321 -0.00459557 -0.00411253  0.00614827   0.0205516
x_ =    7.2762
 -13.3184
 -2.66272
-0.128875
 -1.15734
P_ =    0.0197124   0.00662934    0.0119794 -0.000498989  -0.00496999
  0.00662934     0.012435   0.00777981  -0.00386251  -0.00483486
   0.0119794   0.00777981    0.0250175  -0.00265196  -0.00485982
-0.000498989  -0.00386251  -0.00265196   0.00425564   0.00677316
 -0.00496999  -0.00483486  -0.00485982   0.00677316    0.0211655
x_ =  6.97864
 -13.201
-2.70466
 -0.3099
-1.24131
P_ =   0.0199212  0.00687363   0.0128162 -0.00165567 -0.00560413
 0.00687363    0.012624  0.00764399 -0.00455764 -0.00514304
  0.0128162  0.00764399   0.0251689 -0.00367889 -0.00556708
-0.00165567 -0.00455764 -0.00367889  0.00484392  0.00756672
-0.00560413 -0.00514304 -0.00556708  0.00756672   0.0219782
x_ =  6.72276
-13.1175
-2.69293
-0.42621
-1.22407
P_ =   0.0202921  0.00725278   0.0134202 -0.00307785  -0.0065724
 0.00725278   0.0128628  0.00724778 -0.00537358 -0.00566667
  0.0134202  0.00724778   0.0246215 -0.00470726 -0.00627667
-0.00307785 -0.00537358 -0.00470726  0.00577627  0.00873764
 -0.0065724 -0.00566667 -0.00627667  0.00873764   0.0233022
x_ =   6.48753
 -13.0399
 -2.57699
-0.489881
 -1.11101
P_ =     0.02109  0.00784004   0.0139952 -0.00475856 -0.00775529
 0.00784004   0.0132352  0.00674087 -0.00630179 -0.00630145
  0.0139952  0.00674087   0.0239054 -0.00563409  -0.0068049
-0.00475856 -0.00630179 -0.00563409  0.00704181   0.0102005
-0.00775529 -0.00630145  -0.0068049   0.0102005   0.0250662
x_ =   6.23473
 -12.9292
 -2.54792
-0.578289
 -1.06136
P_ =     0.02214  0.00848649   0.0144841 -0.00647436 -0.00885728
 0.00848649   0.0135822  0.00623479 -0.00716461 -0.00681556
  0.0144841  0.00623479   0.0231614 -0.00639813  -0.0071294
-0.00647436 -0.00716461 -0.00639813  0.00843233   0.0116551
-0.00885728 -0.00681556  -0.0071294   0.0116551   0.0266732
x_ =   5.96285
  -12.742
 -2.68054
-0.729396
 -1.13168
P_ =   0.0231818  0.00906559   0.0146353 -0.00814351 -0.00989087
 0.00906559   0.0137851  0.00561463  -0.0078824 -0.00719066
  0.0146353  0.00561463   0.0220503 -0.00691321 -0.00723067
-0.00814351  -0.0078824 -0.00691321  0.00983744   0.0130221
-0.00989087 -0.00719066 -0.00723067   0.0130221   0.0279666
x_ =  5.76677
 -12.587
-2.57812
-0.80543
 -1.0623
P_ =   0.0244063   0.0096847   0.0141787  -0.0100302  -0.0112136
  0.0096847   0.0139508  0.00457681 -0.00859212 -0.00762894
  0.0141787  0.00457681   0.0202773 -0.00693611 -0.00684156
 -0.0100302 -0.00859212 -0.00693611   0.0114614   0.0146145
 -0.0112136 -0.00762894 -0.00684156   0.0146145   0.0295863
x_ =   5.50907
 -12.3895
 -2.65976
-0.901725
 -1.05009
P_ =   0.0257932   0.0102554   0.0134058  -0.0119592  -0.0124771
  0.0102554   0.0140867  0.00336887  -0.0092409 -0.00798209
  0.0134058  0.00336887   0.0186413 -0.00660768 -0.00612761
 -0.0119592  -0.0092409 -0.00660768    0.013229   0.0162755
 -0.0124771 -0.00798209 -0.00612761   0.0162755   0.0313916
x_ =   5.29202
 -12.2023
 -2.64655
-0.975377
 -1.00659
P_ =   0.0271992   0.0107488   0.0121519  -0.0137955  -0.0136526
  0.0107488   0.0141461  0.00198762 -0.00971618 -0.00819007
  0.0121519  0.00198762   0.0169775 -0.00580652 -0.00502127
 -0.0137955 -0.00971618 -0.00580652   0.0148569   0.0177493
 -0.0136526 -0.00819007 -0.00502127   0.0177493    0.032965
x_ =   5.06534
 -11.9893
 -2.69434
 -1.04103
-0.969866
P_ =   0.0280994   0.0109323   0.0105405  -0.0151587  -0.0144017
  0.0109323   0.0139945 0.000630987  -0.0098807 -0.00813655
  0.0105405 0.000630987   0.0154303  -0.0047221 -0.00376043
 -0.0151587  -0.0098807  -0.0047221   0.0161131   0.0188332
 -0.0144017 -0.00813655 -0.00376043   0.0188332   0.0339701
x_ =   4.85919
 -11.7732
 -2.73847
 -1.09951
-0.933961
P_ =    0.0288466    0.0109895   0.00876198   -0.0162523   -0.0149334
   0.0109895    0.0137851 -0.000682056   -0.0098622  -0.00794943
  0.00876198 -0.000682056    0.0142375  -0.00344606  -0.00240145
  -0.0162523   -0.0098622  -0.00344606    0.0170685    0.0196158
  -0.0149334  -0.00794943  -0.00240145    0.0196158    0.0346964
x_ =   4.75561
 -11.5362
 -2.64429
 -1.19875
-0.927752
P_ =    0.0296547    0.0110074   0.00687635   -0.0171991    -0.015339
   0.0110074    0.0136042  -0.00198272  -0.00973142  -0.00768311
  0.00687635  -0.00198272     0.013542  -0.00202699 -0.000972539
  -0.0171991  -0.00973142  -0.00202699    0.0177938    0.0201815
   -0.015339  -0.00768311 -0.000972539    0.0201815    0.0353816
x_ =  4.42183
-11.2951
-2.89419
 -1.1479
-0.79141
P_ =    0.0290616    0.0103556    0.0045447    -0.017102   -0.0148162
   0.0103556    0.0130666  -0.00332112  -0.00908169  -0.00696225
   0.0045447  -0.00332112    0.0129887 -0.000271562  0.000758613
   -0.017102  -0.00908169 -0.000271562    0.0178242    0.0201208
  -0.0148162  -0.00696225  0.000758613    0.0201208    0.0353136
x_ =   4.39856
 -11.0425
 -2.74793
 -1.26402
-0.815023
P_ =   0.0296917   0.0103857  0.00343112  -0.0176778  -0.0151467
  0.0103857   0.0129508 -0.00393393  -0.0089197 -0.00682614
 0.00343112 -0.00393393   0.0127464  0.00040231  0.00124158
 -0.0176778  -0.0089197  0.00040231   0.0180817   0.0203588
 -0.0151467 -0.00682614  0.00124158   0.0203588   0.0355985
x_ =   4.35244
 -10.7485
 -2.74007
 -1.37153
-0.830672
P_ =   0.0291008  0.00976128  0.00154213  -0.0173236  -0.0145039
 0.00976128   0.0125466  -0.0049156 -0.00822845 -0.00613533
 0.00154213  -0.0049156   0.0129296  0.00178424   0.0025356
 -0.0173236 -0.00822845  0.00178424   0.0177448   0.0199973
 -0.0145039 -0.00613533   0.0025356   0.0199973   0.0354192
x_ =   4.34934
 -10.4574
 -2.72199
 -1.48743
-0.854378
P_ =    0.0273359   0.00864701 -0.000540796   -0.0159536   -0.0128781
  0.00864701    0.0119486  -0.00589257  -0.00708008  -0.00500261
-0.000540796  -0.00589257    0.0135136   0.00332026   0.00400388
  -0.0159536  -0.00708008   0.00332026    0.0165256    0.0187433
  -0.0128781  -0.00500261   0.00400388    0.0187433    0.0342687
x_ =   4.40766
  -10.157
 -2.70328
 -1.62803
-0.900278
P_ =   0.0247152  0.00725787 -0.00241163  -0.0138004   -0.010488
 0.00725787    0.011289 -0.00668787 -0.00564378 -0.00359475
-0.00241163 -0.00668787   0.0145513  0.00462443  0.00521912
 -0.0138004 -0.00564378  0.00462443   0.0145823   0.0167315
  -0.010488 -0.00359475  0.00521912   0.0167315   0.0322611
x_ =    4.4736
 -9.86652
 -2.70147
 -1.74312
-0.912069
P_ =    0.021553  0.00575922 -0.00378283  -0.0110887  -0.0075385
 0.00575922   0.0106525 -0.00719987 -0.00403105  -0.0020153
-0.00378283 -0.00719987   0.0159666  0.00537488  0.00581942
 -0.0110887 -0.00403105  0.00537488   0.0120577   0.0140795
 -0.0075385  -0.0020153  0.00581942   0.0140795   0.0294893
x_ =   4.50425
 -9.56178
 -2.72346
 -1.80053
-0.854635
P_ =    0.0188686    0.0046006  -0.00467272  -0.00876578  -0.00508636
   0.0046006    0.0102401  -0.00748644  -0.00269155 -0.000764394
 -0.00467272  -0.00748644    0.0174344   0.00556953   0.00580208
 -0.00876578  -0.00269155   0.00556953   0.00984947    0.0117919
 -0.00508636 -0.000764394   0.00580208    0.0117919    0.0270827
x_ =   4.67731
 -9.27908
 -2.72634
 -1.95798
-0.918469
P_ =    0.0170613   0.00391147  -0.00538581  -0.00725531  -0.00361909
  0.00391147     0.010086  -0.00772721  -0.00181955 -6.15753e-05
 -0.00538581  -0.00772721    0.0187575   0.00556388   0.00559214
 -0.00725531  -0.00181955   0.00556388    0.0084027    0.0103771
 -0.00361909 -6.15753e-05   0.00559214    0.0103771    0.0256242
x_ =    4.8655
 -9.01211
 -2.74651
 -2.10788
-0.976376
P_ =    0.0151081   0.00323316  -0.00560254  -0.00556015  -0.00191146
  0.00323316   0.00992784   -0.0077218 -0.000888719  0.000742387
 -0.00560254   -0.0077218    0.0196885   0.00493785   0.00466022
 -0.00556015 -0.000888719   0.00493785    0.0067543   0.00864733
 -0.00191146  0.000742387   0.00466022   0.00864733    0.0235255
x_ =   5.01722
 -8.77773
 -2.73664
 -2.18309
-0.933048
P_ =    0.0134978   0.00270986  -0.00564249  -0.00412082 -0.000495195
  0.00270986   0.00987754  -0.00763303 -2.47737e-05   0.00148137
 -0.00564249  -0.00763303    0.0203569   0.00396747   0.00332661
 -0.00412082 -2.47737e-05   0.00396747   0.00537898   0.00721036
-0.000495195   0.00148137   0.00332661   0.00721036    0.0217508
x_ =   5.23688
 -8.55275
 -2.75509
 -2.30995
-0.963218
P_ =   0.0124378  0.00244058   -0.005861 -0.00319543 0.000276155
 0.00244058   0.0099739 -0.00766639 0.000588173  0.00191015
  -0.005861 -0.00766639   0.0210067  0.00317292  0.00228085
-0.00319543 0.000588173  0.00317292  0.00457073  0.00645224
0.000276155  0.00191015  0.00228085  0.00645224   0.0207934
x_ =   5.42261
 -8.34897
 -2.73463
 -2.37465
-0.906415
P_ =   0.0115939   0.0022681 -0.00604311 -0.00240153 0.000916617
  0.0022681   0.0101552 -0.00767549   0.0011853  0.00234155
-0.00604311 -0.00767549   0.0214171  0.00223549  0.00107197
-0.00240153   0.0011853  0.00223549  0.00397179  0.00591142
0.000916617  0.00234155  0.00107197  0.00591142   0.0200637
x_ =  5.60368
-8.11743
-2.71205
 -2.4064
-0.80554
P_ =   0.0110859  0.00223004 -0.00641057 -0.00184479  0.00125965
 0.00223004   0.0104953 -0.00782083  0.00171574  0.00267722
-0.00641057 -0.00782083   0.0220093  0.00142383 8.79695e-05
-0.00184479  0.00171574  0.00142383   0.0036877  0.00575096
 0.00125965  0.00267722 8.79695e-05  0.00575096   0.0199404
x_ =   5.81911
 -7.89855
 -2.70769
 -2.45229
-0.735958
P_ =    0.0107516   0.00226892  -0.00682838   -0.0014405   0.00140719
  0.00226892    0.0108861  -0.00804732   0.00213984   0.00286742
 -0.00682838  -0.00804732    0.0225835  0.000763814 -0.000625396
  -0.0014405   0.00213984  0.000763814   0.00357219    0.0057579
  0.00140719   0.00286742 -0.000625396    0.0057579    0.0199476
x_ =   6.03331
 -7.68295
 -2.69592
 -2.47776
-0.646235
P_ =    0.010519  0.00234851 -0.00722137 -0.00109894   0.0014995
 0.00234851    0.011311  -0.0082855  0.00252842  0.00302543
-0.00722137  -0.0082855   0.0230214 0.000138253 -0.00127035
-0.00109894  0.00252842 0.000138253  0.00354325  0.00582456
  0.0014995  0.00302543 -0.00127035  0.00582456   0.0199686
x_ =   6.26287
 -7.48052
 -2.69116
 -2.50717
-0.576135
P_ =    0.0103649    0.0024504  -0.00757996 -0.000825473   0.00152323
   0.0024504     0.011747  -0.00853313   0.00286926   0.00313234
 -0.00757996  -0.00853313    0.0233613 -0.000412241  -0.00178851
-0.000825473   0.00286926 -0.000412241   0.00357734   0.00592773
  0.00152323   0.00313234  -0.00178851   0.00592773    0.0199972
x_ =   6.50973
 -7.29787
 -2.72023
 -2.57597
-0.594855
P_ =    0.0102013   0.00254313  -0.00781813 -0.000580732   0.00154383
  0.00254313    0.0120899  -0.00870592   0.00314001   0.00318509
 -0.00781813  -0.00870592    0.0234105 -0.000903062  -0.00222936
-0.000580732   0.00314001 -0.000903062   0.00360851   0.00598066
  0.00154383   0.00318509  -0.00222936   0.00598066    0.0197995
x_ =   6.68807
 -7.07122
 -2.67119
 -2.51882
-0.406053
P_ =    0.0100789    0.0026588  -0.00800352 -0.000301805   0.00165322
   0.0026588    0.0124871  -0.00883241   0.00348033   0.00337637
 -0.00800352  -0.00883241    0.0232812   -0.0014685  -0.00280214
-0.000301805   0.00348033   -0.0014685   0.00369559   0.00609071
  0.00165322   0.00337637  -0.00280214   0.00609071    0.0197355
x_ =   6.95604
 -6.91249
  -2.6905
 -2.58176
-0.432309
P_ =    0.0100443   0.00275493  -0.00821357 -0.000195783   0.00150603
  0.00275493    0.0129164  -0.00907174   0.00371889   0.00338392
 -0.00821357  -0.00907174    0.0234745  -0.00179339  -0.00295909
-0.000195783   0.00371889  -0.00179339   0.00381956   0.00622203
  0.00150603   0.00338392  -0.00295909   0.00622203    0.0198552
x_ =   7.17523
  -6.7041
 -2.66294
 -2.54192
-0.289326
P_ =    0.0100341   0.00288121  -0.00838066 -2.34011e-05   0.00151606
  0.00288121    0.0134021  -0.00926579   0.00404094   0.00355931
 -0.00838066  -0.00926579    0.0234711  -0.00222704  -0.00334323
-2.34011e-05   0.00404094  -0.00222704   0.00398389   0.00640741
  0.00151606   0.00355931  -0.00334323   0.00640741    0.0200626
x_ =    7.4653
 -6.59177
 -2.70869
 -2.65714
-0.427575
P_ =  0.00995619  0.00293293 -0.00841982 4.51931e-05  0.00139801
 0.00293293   0.0136905 -0.00940249  0.00418762  0.00350474
-0.00841982 -0.00940249   0.0233644   -0.002468 -0.00344256
4.51931e-05  0.00418762   -0.002468  0.00405818  0.00644284
 0.00139801  0.00350474 -0.00344256  0.00644284   0.0198994
x_ =   7.70253
 -6.43499
  -2.6995
 -2.66985
-0.379783
P_ =   0.0099187  0.00306157 -0.00845754 0.000270409  0.00155319
 0.00306157   0.0141378  -0.0094793  0.00455491  0.00382916
-0.00845754  -0.0094793   0.0230043 -0.00293773 -0.00395014
0.000270409  0.00455491 -0.00293773  0.00426818  0.00668813
 0.00155319  0.00382916 -0.00395014  0.00668813   0.0201158
x_ =   7.96254
  -6.2875
 -2.69216
 -2.68599
-0.337849
P_ =  0.00995449  0.00321988 -0.00854554 0.000462362   0.0016423
 0.00321988   0.0147371 -0.00965071  0.00497928  0.00417818
-0.00854554 -0.00965071   0.0228791 -0.00337042 -0.00434484
0.000462362  0.00497928 -0.00337042  0.00455023  0.00701293
  0.0016423  0.00417818 -0.00434484  0.00701293   0.0205917
x_ =   8.18008
 -6.10199
 -2.66046
  -2.6367
-0.205662
P_ =  0.00992808  0.00334429 -0.00854634  0.00063472  0.00171291
 0.00334429   0.0152078  -0.0097568  0.00532433  0.00442408
-0.00854634  -0.0097568   0.0225937 -0.00373384 -0.00464635
 0.00063472  0.00532433 -0.00373384  0.00478382  0.00725342
 0.00171291  0.00442408 -0.00464635  0.00725342   0.0207729
x_ =   8.45925
 -5.98366
 -2.69669
 -2.70213
-0.279971
P_ =  0.00987693  0.00340396 -0.00850429 0.000680582  0.00160483
 0.00340396   0.0155946 -0.00990483  0.00552962  0.00444591
-0.00850429 -0.00990483   0.0224822 -0.00393632 -0.00468953
0.000680582  0.00552962 -0.00393632  0.00492571   0.0073402
 0.00160483  0.00444591 -0.00468953   0.0073402   0.0207412
x_ =   8.69145
 -5.79368
 -2.66049
 -2.64229
-0.138278
P_ =  0.00991833  0.00356056 -0.00854212 0.000817946  0.00164682
 0.00356056   0.0162922  -0.0101254  0.00596638  0.00479205
-0.00854212  -0.0101254   0.0224114 -0.00427826 -0.00496662
0.000817946  0.00596638 -0.00427826  0.00523829  0.00767888
 0.00164682  0.00479205 -0.00496662  0.00767888   0.0212612
x_ =    8.91946
  -5.61127
    -2.648
  -2.59197
-0.0369764
P_ =  0.00985533  0.00359377 -0.00845853 0.000815901  0.00151095
 0.00359377   0.0166932  -0.0102939  0.00613706  0.00476673
-0.00845853  -0.0102939   0.0223298 -0.00442948 -0.00497017
0.000815901  0.00613706 -0.00442948  0.00535133  0.00772315
 0.00151095  0.00476673 -0.00497017  0.00772315   0.0211815
x_ =   9.17581
 -5.48008
 -2.67494
 -2.64673
-0.127129
P_ =  0.00976538   0.0035619 -0.00832886 0.000718708  0.00127454
  0.0035619   0.0170079  -0.0104776  0.00618329  0.00458416
-0.00832886  -0.0104776   0.0223481 -0.00447114 -0.00483439
0.000718708  0.00618329 -0.00447114  0.00536836   0.0076417
 0.00127454  0.00458416 -0.00483439   0.0076417   0.0209627
x_ =   9.39101
 -5.27197
 -2.64201
 -2.56935
0.0115453
P_ =  0.00976846  0.00363401 -0.00829379 0.000728165  0.00121908
 0.00363401   0.0176771   -0.010765  0.00650022   0.0047995
-0.00829379   -0.010765   0.0224192 -0.00469285 -0.00500429
0.000728165  0.00650022 -0.00469285  0.00558934  0.00787261
 0.00121908   0.0047995 -0.00500429  0.00787261   0.0213793
x_ =  9.61795
-5.07912
-2.62922
-2.51081
0.103738
P_ =  0.00971769  0.00358839  -0.0081736 0.000591637 0.000984178
 0.00358839   0.0181388  -0.0110484  0.00658276  0.00467072
 -0.0081736  -0.0110484   0.0226222 -0.00474094 -0.00490797
0.000591637  0.00658276 -0.00474094  0.00563669  0.00785599
0.000984178  0.00467072 -0.00490797  0.00785599   0.0214058
x_ =  9.83277
-4.86259
-2.62583
-2.44139
0.192253
P_ =  0.00964432  0.00347745  -0.0080026 0.000381592 0.000691603
 0.00347745   0.0184793  -0.0113274  0.00652641  0.00438307
 -0.0080026  -0.0113274   0.0228819 -0.00469346 -0.00470289
0.000381592  0.00652641 -0.00469346  0.00558428  0.00772364
0.000691603  0.00438307 -0.00470289  0.00772364   0.0212768
x_ =  10.0234
-4.61525
-2.62733
-2.35483
 0.28599
P_ =  0.00955332  0.00330433 -0.00777573  0.00010801 0.000360779
 0.00330433     0.01869  -0.0115936  0.00632954  0.00395377
-0.00777573  -0.0115936   0.0231818 -0.00454655 -0.00439311
 0.00010801  0.00632954 -0.00454655   0.0054361  0.00748892
0.000360779  0.00395377 -0.00439311  0.00748892   0.0210179
x_ =  10.2112
-4.36551
 -2.6392
-2.28748
0.333216
P_ =   0.00944884   0.00306871  -0.00748241 -0.000225398 -1.00414e-06
  0.00306871    0.0187435   -0.0118283   0.00597841   0.00337938
 -0.00748241   -0.0118283    0.0235042  -0.00427904  -0.00395448
-0.000225398   0.00597841  -0.00427904   0.00519627   0.00716272
-1.00414e-06   0.00337938  -0.00395448   0.00716272    0.0206477
x_ =  10.4447
 -4.1727
-2.65568
-2.30912
0.244343
P_ =   0.00935542   0.00282488  -0.00716548  -0.00055268 -0.000308023
  0.00282488    0.0187613   -0.0120787   0.00558787   0.00283191
 -0.00716548   -0.0120787    0.0238422  -0.00398919  -0.00354056
 -0.00055268   0.00558787  -0.00398919   0.00494603   0.00685701
-0.000308023   0.00283191  -0.00354056   0.00685701    0.0203224
x_ =  10.6469
-3.93698
-2.67132
-2.27945
0.244253
P_ =    0.0092963   0.00266642  -0.00692256 -0.000741128  -0.00040187
  0.00266642     0.019033   -0.0124433   0.00544782   0.00271121
 -0.00692256   -0.0124433    0.0241559  -0.00395087  -0.00355319
-0.000741128   0.00544782  -0.00395087   0.00485359   0.00679117
 -0.00040187   0.00271121  -0.00355319   0.00679117    0.0203221
x_ =  10.7819
-3.65295
-2.66562
-2.16386
0.378505
P_ =   0.00923838   0.00250343  -0.00666287 -0.000904599 -0.000464155
  0.00250343    0.0193293   -0.0128133   0.00533845    0.0026453
 -0.00666287   -0.0128133    0.0244458  -0.00393668   -0.0035862
-0.000904599   0.00533845  -0.00393668   0.00477991   0.00674439
-0.000464155    0.0026453   -0.0035862   0.00674439    0.0203142
x_ =  10.9759
-3.43652
-2.67812
-2.18882
0.271689
P_ =   0.00911906   0.00227655  -0.00629105  -0.00111711 -0.000606502
  0.00227655    0.0192249   -0.0129786   0.00494757   0.00220848
 -0.00629105   -0.0129786    0.0245587   -0.0036646  -0.00322134
 -0.00111711   0.00494757   -0.0036646   0.00454621   0.00646802
-0.000606502   0.00220848  -0.00322134   0.00646802    0.0198258
x_ =  11.0888
 -3.1382
-2.68978
-2.07753
0.393235
P_ =   0.00902042   0.00209671  -0.00597759  -0.00123501 -0.000620123
  0.00209671    0.0193732   -0.0132525   0.00481316   0.00218244
 -0.00597759   -0.0132525    0.0246784  -0.00363767  -0.00326209
 -0.00123501   0.00481316  -0.00363767   0.00446207   0.00640444
-0.000620123   0.00218244  -0.00326209   0.00640444    0.0196702
x_ =  11.2042
-2.83246
 -2.7085
-1.99819
0.439897
P_ =   0.00897689   0.00186096  -0.00559739   -0.0014605 -0.000781303
  0.00186096    0.0194746   -0.0135501   0.00450596   0.00186205
 -0.00559739   -0.0135501    0.0249984  -0.00338928  -0.00291436
  -0.0014605   0.00450596  -0.00338928   0.00431838   0.00624658
