Data load is complete.
Number of measurements :612, Number of ground truths: 612
Initializing Fusion Unscented Kalman Filter
x_ =     8.45565
   0.253943
0.000741516
2.59124e-17
6.93889e-18
P_ =  0.0220097          0 0.00218382          0          0
         0  0.0220049          0          0          0
0.00218382          0   0.992303          0          0
         0          0          0    1.01003   0.100266
         0          0          0   0.100266    1.00303
x_ =      8.32494
    0.251578
   -0.421601
-5.10744e-06
-9.72944e-07
P_ =    0.0136157  3.84281e-26    0.0439772  1.48937e-22  -4.1807e-23
 3.84281e-26    0.0111248  -1.9022e-25  2.40251e-05  4.57668e-06
   0.0439772  -1.9022e-25     0.777061 -7.37242e-22  2.06945e-22
 1.48937e-22  2.40251e-05 -7.37242e-22       1.0442     0.210703
 -4.1807e-23  4.57668e-06  2.06945e-22     0.210703      1.00669
x_ =   8.03362
 0.220215
 -1.46569
0.0669486
 0.018575
P_ =    0.0130486 -1.76159e-08    0.0511592 -7.36527e-08 -2.04432e-08
-1.76159e-08   0.00769396  -1.6617e-07   -0.0164241  -0.00455679
   0.0511592  -1.6617e-07     0.502167  1.08569e-07  3.01689e-08
-7.36527e-08   -0.0164241  1.08569e-07       1.0782     0.306475
-2.04432e-08  -0.00455679  3.01689e-08     0.306475      1.00831
x_ =   7.68981
 0.186031
 -2.14388
 0.155195
0.0470101
P_ =   0.0142604 0.000142006   0.0370984  0.00298982  0.00102987
0.000142006   0.0106191  0.00116232  -0.0577401  -0.0193469
  0.0370984  0.00116232    0.336885 -0.00471134 -0.00170512
 0.00298982  -0.0577401 -0.00471134    0.868332    0.313215
 0.00102987  -0.0193469 -0.00170512    0.313215    0.979752
x_ =   7.41819
0.0711504
 -2.40442
 0.431727
 0.150421
P_ =    0.0145163 -0.000329812     0.026263   0.00711871   0.00291275
-0.000329812    0.0166371   0.00315661   -0.0588611   -0.0227535
    0.026263   0.00315661     0.252213  -0.00736498  -0.00318535
  0.00711871   -0.0588611  -0.00736498     0.344591     0.187363
  0.00291275   -0.0227535  -0.00318535     0.187363     0.892906
x_ =   7.12994
-0.033606
 -2.58992
 0.419339
 0.123681
P_ =   0.0125742   -0.001487   0.0234645   0.0108147   0.0071669
  -0.001487   0.0162252  0.00794447  -0.0372516   -0.019212
  0.0234645  0.00794447    0.195949 -0.00483244  -0.0052816
  0.0108147  -0.0372516 -0.00483244    0.135143    0.147638
  0.0071669   -0.019212  -0.0052816    0.147638    0.823393
x_ =   6.87867
-0.216334
 -2.67845
 0.546362
 0.214831
P_ =   0.0113151 -0.00167947    0.022493  0.00892067  0.00928778
-0.00167947    0.014862   0.0092599  -0.0251466  -0.0209542
   0.022493   0.0092599    0.148479 -0.00225784 -0.00615975
 0.00892067  -0.0251466 -0.00225784   0.0754791    0.150821
 0.00928778  -0.0209542 -0.00615975    0.150821    0.751712
x_ =   6.66154
-0.414624
 -2.74417
  0.65516
  0.32123
P_ =   0.0104886 -0.00167487   0.0198687  0.00900849   0.0139947
-0.00167487    0.013061  0.00996872  -0.0192093   -0.023914
  0.0198687  0.00996872    0.112008 -0.00177189 -0.00908337
 0.00900849  -0.0192093 -0.00177189   0.0608959    0.158115
  0.0139947   -0.023914 -0.00908337    0.158115    0.665753
x_ =   6.50869
-0.625887
 -2.69858
  0.78957
 0.497629
P_ =   0.0102183 -0.00184274   0.0168691   0.0103641   0.0195168
-0.00184274   0.0119817   0.0104408  -0.0168049  -0.0265945
  0.0168691   0.0104408   0.0847589  -0.0027372  -0.0130895
  0.0103641  -0.0168049  -0.0027372   0.0575775    0.155526
  0.0195168  -0.0265945  -0.0130895    0.155526    0.552669
x_ =   6.40273
-0.958775
 -2.71801
  1.07566
 0.910762
P_ =   0.0105828 -0.00219074   0.0136821   0.0126207   0.0245134
-0.00219074   0.0113725   0.0110625  -0.0154809  -0.0263401
  0.0136821   0.0110625   0.0646906 -0.00448066  -0.0166498
  0.0126207  -0.0154809 -0.00448066   0.0555985    0.139385
  0.0245134  -0.0263401  -0.0166498    0.139385    0.417188
x_ =  6.27035
-1.23029
-2.74444
 1.17652
0.907709
P_ =   0.0112799  -0.0023506  0.00953064   0.0152048   0.0283085
 -0.0023506   0.0100478   0.0116642  -0.0123647  -0.0198438
 0.00953064   0.0116642   0.0512285 -0.00665692  -0.0198614
  0.0152048  -0.0123647 -0.00665692    0.050482    0.113584
  0.0283085  -0.0198438  -0.0198614    0.113584    0.293876
x_ =  6.28737
-1.58552
-2.76953
 1.47558
 1.23391
P_ =   0.0117473 -0.00226646  0.00620461   0.0158427    0.027062
-0.00226646  0.00906969   0.0115594 -0.00967165  -0.0144065
 0.00620461   0.0115594   0.0419812 -0.00768399  -0.0195599
  0.0158427 -0.00967165 -0.00768399   0.0426032   0.0860148
   0.027062  -0.0144065  -0.0195599   0.0860148    0.198198
x_ =   6.2688
-1.88525
-2.81971
 1.60185
   1.231
P_ =   0.0116915  -0.0015647  0.00299585   0.0154598   0.0244055
 -0.0015647  0.00761831   0.0107863 -0.00596216  -0.0076836
 0.00299585   0.0107863   0.0358648 -0.00813334  -0.0184009
  0.0154598 -0.00596216 -0.00813334   0.0351055    0.064812
  0.0244055  -0.0076836  -0.0184009    0.064812    0.137534
x_ =  6.32479
 -2.1855
-2.85292
 1.76977
 1.29175
P_ =    0.0116027 -0.000910419  0.000629488    0.0145795    0.0212526
-0.000910419   0.00675421   0.00994067  -0.00333393  -0.00354237
 0.000629488   0.00994067    0.0316138  -0.00794322   -0.0162728
   0.0145795  -0.00333393  -0.00794322     0.028623    0.0487384
   0.0212526  -0.00354237   -0.0162728    0.0487384    0.0973065
x_ =  6.37795
-2.50144
-2.87743
 1.87943
 1.24502
P_ =    0.0116701 -0.000138249   -0.0013626    0.0136452    0.0182616
-0.000138249   0.00629712   0.00910469  -0.00100645  -0.00029569
  -0.0013626   0.00910469    0.0287585  -0.00735242   -0.0136774
   0.0136452  -0.00100645  -0.00735242    0.0232613    0.0366011
   0.0182616  -0.00029569   -0.0136774    0.0366011    0.0701596
x_ =  6.46173
 -2.8063
-2.88906
 1.98191
 1.20049
P_ =   0.0113306 0.000488767 -0.00269552   0.0122166   0.0151324
0.000488767  0.00611117  0.00827963 0.000566841  0.00153505
-0.00269552  0.00827963   0.0264862 -0.00645724  -0.0111211
  0.0122166 0.000566841 -0.00645724    0.018733   0.0278172
  0.0151324  0.00153505  -0.0111211   0.0278172   0.0530202
x_ =  6.51826
   -3.09
-2.89538
 2.02539
 1.10821
P_ =   0.0104953 0.000871696 -0.00343985   0.0105509   0.0123253
0.000871696  0.00594245  0.00744138  0.00149439  0.00243467
-0.00343985  0.00744138   0.0243933  -0.0055326 -0.00904119
  0.0105509  0.00149439  -0.0055326   0.0152567   0.0219862
  0.0123253  0.00243467 -0.00904119   0.0219862   0.0427237
x_ =  6.61143
-3.39531
-2.90105
 2.08421
 1.03601
P_ =     0.01011  0.00115321 -0.00402452  0.00943362   0.0104638
 0.00115321  0.00599391  0.00689362   0.0021378  0.00295321
-0.00402452  0.00689362   0.0229377 -0.00466037  -0.0072035
 0.00943362   0.0021378 -0.00466037   0.0128759   0.0181903
  0.0104638  0.00295321  -0.0072035   0.0181903   0.0365959
x_ =  6.76767
-3.68799
-2.92321
 2.17912
 1.01346
P_ =  0.00965486   0.0013219 -0.00436892  0.00840464  0.00896036
  0.0013219  0.00606386   0.0064347  0.00256442  0.00325953
-0.00436892   0.0064347    0.021707 -0.00385376 -0.00569131
 0.00840464  0.00256442 -0.00385376   0.0111136    0.015677
 0.00896036  0.00325953 -0.00569131    0.015677   0.0329368
x_ =   6.9146
-3.97883
-2.93305
 2.24005
0.958092
P_ =  0.00914842  0.00146829 -0.00463029  0.00748731  0.00775568
 0.00146829  0.00616845  0.00597078  0.00298069  0.00363042
-0.00463029  0.00597078   0.0207128 -0.00316885 -0.00451594
 0.00748731  0.00298069 -0.00316885  0.00988377   0.0141026
 0.00775568  0.00363042 -0.00451594   0.0141026   0.0308579
x_ =  7.04728
-4.26692
-2.92493
 2.27207
0.880244
P_ =  0.00867881  0.00155604 -0.00481161  0.00672484  0.00684453
 0.00155604  0.00628479  0.00557188  0.00332002  0.00395329
-0.00481161  0.00557188   0.0199092 -0.00260293 -0.00361454
 0.00672484  0.00332002 -0.00260293  0.00906139   0.0131663
 0.00684453  0.00395329 -0.00361454   0.0131663   0.0297355
x_ =  7.17916
-4.53052
-2.88751
 2.29984
0.809239
P_ =  0.00828669  0.00158743 -0.00491798  0.00612856  0.00619636
 0.00158743  0.00639013  0.00526577  0.00357241  0.00419705
-0.00491798  0.00526577   0.0192564 -0.00213971 -0.00291784
 0.00612856  0.00357241 -0.00213971  0.00854509   0.0126563
 0.00619636  0.00419705 -0.00291784   0.0126563   0.0291864
x_ =   7.3035
-4.80451
-2.85495
 2.30763
0.724273
P_ =  0.00795389  0.00158303 -0.00497803  0.00566911  0.00573678
 0.00158303   0.0064815  0.00502841  0.00377889  0.00440111
-0.00497803  0.00502841    0.018737 -0.00176548 -0.00237747
 0.00566911  0.00377889 -0.00176548  0.00826791   0.0124416
 0.00573678  0.00440111 -0.00237747   0.0124416   0.0289968
x_ =  7.43906
-5.07917
-2.83397
 2.31321
0.645748
P_ =  0.00769503  0.00156035 -0.00498964  0.00534345  0.00544833
 0.00156035  0.00654665  0.00486147  0.00393634  0.00455004
-0.00498964  0.00486147   0.0183127 -0.00146155 -0.00194835
 0.00534345  0.00393634 -0.00146155  0.00815445    0.012404
 0.00544833  0.00455004 -0.00194835    0.012404   0.0289854
x_ =  7.57666
-5.35946
-2.81985
 2.30884
 0.56471
P_ =  0.00750482  0.00154264 -0.00497377  0.00512834  0.00528603
 0.00154264  0.00660262  0.00474498  0.00407366  0.00467619
-0.00497377  0.00474498   0.0179794 -0.00121267 -0.00159906
 0.00512834  0.00407366 -0.00121267  0.00814948   0.0124635
 0.00528603  0.00467619 -0.00159906   0.0124635   0.0290581
x_ =  7.73698
-5.61641
-2.80539
 2.32208
0.512236
P_ =  0.00737165  0.00153198  -0.0049284  0.00500214   0.0052185
 0.00153198   0.0066403   0.0046744  0.00417972  0.00476176
 -0.0049284   0.0046744   0.0177099 -0.00100478 -0.00130551
 0.00500214  0.00417972 -0.00100478  0.00819886   0.0125539
  0.0052185  0.00476176 -0.00130551   0.0125539     0.02913
x_ =  7.87406
-5.88486
-2.78237
 2.30793
0.436283
P_ =   0.00726256   0.00153285  -0.00488708   0.00491421   0.00517169
  0.00153285    0.0066842   0.00461371   0.00429142   0.00485739
 -0.00488708   0.00461371    0.0175038 -0.000831745  -0.00106218
  0.00491421   0.00429142 -0.000831745   0.00827414    0.0126453
  0.00517169   0.00485739  -0.00106218    0.0126453    0.0291826
x_ =  8.02082
-6.13869
-2.79131
 2.29903
0.378583
P_ =   0.00703158   0.00147199   -0.0047348    0.0047705   0.00506989
  0.00147199   0.00654606   0.00451883   0.00424441    0.0047754
  -0.0047348   0.00451883    0.0170358 -0.000686514 -0.000862948
   0.0047705   0.00424441 -0.000686514   0.00823767    0.0125915
  0.00506989    0.0047754 -0.000862948    0.0125915     0.028802
x_ =  8.20086
-6.39393
-2.79505
 2.30805
0.342828
P_ =     0.007068   0.00151967  -0.00468988     0.004843   0.00518478
  0.00151967   0.00661493   0.00454391   0.00434827   0.00485268
 -0.00468988   0.00454391     0.017004 -0.000561409  -0.00067859
    0.004843   0.00434827 -0.000561409   0.00836945    0.0126909
  0.00518478   0.00485268  -0.00067859    0.0126909    0.0288956
x_ =  8.35231
-6.66628
-2.78933
  2.2859
0.277753
P_ =   0.00708461   0.00155973  -0.00465103   0.00487689   0.00522799
  0.00155973   0.00667705   0.00456152   0.00443059    0.0049067
 -0.00465103   0.00456152    0.0169815 -0.000450518 -0.000520752
  0.00487689   0.00443059 -0.000450518   0.00843074    0.0127074
  0.00522799    0.0049067 -0.000520752    0.0127074    0.0288951
x_ =  8.51623
-6.92046
-2.77998
 2.27943
0.237747
P_ =   0.00711224   0.00158211   -0.0045838   0.00492021   0.00528082
  0.00158211   0.00669308   0.00461048   0.00444064   0.00486969
  -0.0045838   0.00461048    0.0169664 -0.000350845 -0.000379759
  0.00492021   0.00444064 -0.000350845    0.0084464    0.0126836
  0.00528082   0.00486969 -0.000379759    0.0126836    0.0288633
x_ =  8.64463
-7.17218
 -2.7741
 2.24885
 0.17895
P_ =   0.00696005   0.00152779    -0.004436   0.00482783   0.00519339
  0.00152779   0.00653897   0.00457686   0.00431837      0.00471
   -0.004436   0.00457686    0.0166405 -0.000265933 -0.000264496
  0.00482783   0.00431837 -0.000265933   0.00832627    0.0125249
  0.00519339      0.00471 -0.000264496    0.0125249    0.0284285
x_ =  8.78369
-7.43593
-2.78991
 2.21947
0.127718
P_ =   0.00688861   0.00149756  -0.00428703   0.00482299   0.00521256
  0.00149756   0.00640814   0.00458809   0.00420686   0.00456307
 -0.00428703   0.00458809    0.0163982 -0.000190921 -0.000159107
  0.00482299   0.00420686 -0.000190921   0.00826886    0.0124294
  0.00521256   0.00456307 -0.000159107    0.0124294    0.0281115
x_ =   8.92544
 -7.70843
 -2.78288
  2.19145
0.0822685
P_ =   0.00705277   0.00154969   -0.0042038   0.00500209    0.0054193
  0.00154969   0.00644168   0.00472209   0.00419734   0.00451589
  -0.0042038   0.00472209     0.016537 -0.000117859 -5.24802e-05
  0.00500209   0.00419734 -0.000117859   0.00834298    0.0124696
   0.0054193   0.00451589 -5.24802e-05    0.0124696     0.028254
x_ =   9.04073
 -7.97111
 -2.78218
  2.15244
0.0312967
P_ =   0.00700672   0.00150556  -0.00402894   0.00500735   0.00543601
  0.00150556     0.006289   0.00476527   0.00402922   0.00430603
 -0.00402894   0.00476527    0.0163271 -5.04485e-05  4.49515e-05
  0.00500735   0.00402922 -5.04485e-05   0.00824202    0.0123334
  0.00543601   0.00430603  4.49515e-05    0.0123334    0.0279223
x_ =     9.15944
   -8.24041
   -2.76017
    2.11819
-0.00955799
P_ =  0.00719362  0.00153023 -0.00390356  0.00520021  0.00564862
 0.00153023  0.00628384  0.00493539  0.00394717  0.00417901
-0.00390356  0.00493539   0.0164947  1.6725e-05 0.000143255
 0.00520021  0.00394717  1.6725e-05  0.00829454    0.012367
 0.00564862  0.00417901 0.000143255    0.012367   0.0280955
x_ =    9.25017
  -8.50456
  -2.75207
   2.07058
-0.0598415
P_ =  0.00714606  0.00145673 -0.00369585  0.00520577  0.00566057
 0.00145673  0.00610455  0.00499795  0.00372742   0.0039172
-0.00369585  0.00499795      0.0163 7.74176e-05 0.000232515
 0.00520577  0.00372742 7.74176e-05  0.00819414   0.0122508
 0.00566057   0.0039172 0.000232515   0.0122508   0.0278108
x_ =    9.34529
  -8.77867
  -2.72871
   2.02845
-0.0985136
P_ =   0.0073428  0.00144673 -0.00352152  0.00541544  0.00588904
 0.00144673  0.00606644  0.00519084   0.0035844  0.00372759
-0.00352152  0.00519084   0.0164836 0.000139319 0.000322757
 0.00541544   0.0035844 0.000139319  0.00826829   0.0123259
 0.00588904  0.00372759 0.000322757   0.0123259   0.0280505
x_ =  9.45073
  -9.058
-2.75673
 1.99519
-0.12287
P_ =   0.0073005  0.00135011 -0.00327604  0.00543647  0.00591669
 0.00135011  0.00587743   0.0052648  0.00332801  0.00343007
-0.00327604   0.0052648   0.0163041 0.000194772 0.000405818
 0.00543647  0.00332801 0.000194772  0.00819757   0.0122531
 0.00591669  0.00343007 0.000405818   0.0122531   0.0278253
x_ =  9.55302
-9.32099
-2.76419
 1.97189
-0.13449
P_ =  0.00732222  0.00128313 -0.00303891  0.00551082  0.00601039
 0.00128313  0.00573179  0.00534401  0.00311127  0.00318905
-0.00303891  0.00534401    0.016169 0.000246458 0.000480284
 0.00551082  0.00311127 0.000246458   0.0081663   0.0122121
 0.00601039  0.00318905 0.000480284   0.0122121   0.0276522
x_ =   9.61832
 -9.59966
 -2.76825
  1.92117
-0.174497
P_ =  0.00736411   0.0012293 -0.00282124  0.00559253  0.00610442
  0.0012293  0.00561867   0.0054183  0.00292635  0.00299091
-0.00282124   0.0054183   0.0160633 0.000291559 0.000539956
 0.00559253  0.00292635 0.000291559  0.00814522   0.0121705
 0.00610442  0.00299091 0.000539956   0.0121705   0.0274904
x_ =   9.68548
 -9.88111
 -2.77907
  1.87836
-0.201463
P_ =  0.00743273  0.00116429  -0.0025817   0.0056933  0.00621706
 0.00116429  0.00550481  0.00550185  0.00271256   0.0027483
 -0.0025817  0.00550185   0.0159869 0.000332343 0.000592528
  0.0056933  0.00271256 0.000332343  0.00812566   0.0121227
 0.00621706   0.0027483 0.000592528   0.0121227   0.0273395
x_ =   9.76343
 -10.1658
 -2.76711
  1.85026
-0.208273
P_ =  0.00772336  0.00113154 -0.00235746  0.00594925  0.00647675
 0.00113154  0.00550428  0.00569804   0.0025304  0.00252802
-0.00235746  0.00569804   0.0162565 0.000372272 0.000639082
 0.00594925   0.0025304 0.000372272  0.00820921   0.0121868
 0.00647675  0.00252802 0.000639082   0.0121868   0.0276141
x_ =    9.8068
  -10.445
 -2.77016
  1.80367
-0.235843
P_ =  0.00770567  0.00103312 -0.00212003   0.0059463  0.00645723
 0.00103312  0.00538648  0.00574597  0.00229054  0.00226464
-0.00212003  0.00574597    0.016138 0.000399451 0.000672371
  0.0059463  0.00229054 0.000399451  0.00811002   0.0120722
 0.00645723  0.00226464 0.000672371   0.0120722   0.0273867
x_ =   9.86455
 -10.7449
 -2.77126
  1.77052
-0.243495
P_ =  0.00793706 0.000962905 -0.00188515  0.00613581  0.00664147
0.000962905  0.00538289  0.00591516  0.00207491  0.00201498
-0.00188515  0.00591516   0.0163831 0.000425466 0.000698801
 0.00613581  0.00207491 0.000425466  0.00816577   0.0121346
 0.00664147  0.00201498 0.000698801   0.0121346   0.0276725
x_ =   9.89031
 -11.0456
  -2.7646
  1.72044
-0.268684
P_ =  0.00809291 0.000873437 -0.00165234  0.00625052  0.00674284
0.000873437  0.00536862  0.00605173   0.0018467  0.00176072
-0.00165234  0.00605173   0.0165637 0.000443507 0.000716097
 0.00625052   0.0018467 0.000443507  0.00817518   0.0121671
 0.00674284  0.00176072 0.000716097   0.0121671   0.0278921
x_ =   9.89753
 -11.3282
 -2.76797
   1.6689
-0.294968
P_ =  0.00798082 0.000736463 -0.00139141  0.00617207   0.0066605
0.000736463  0.00524288  0.00604817  0.00156488   0.0014523
-0.00139141  0.00604817   0.0163808 0.000454709 0.000732967
 0.00617207  0.00156488 0.000454709  0.00806694   0.0120814
  0.0066605   0.0014523 0.000732967   0.0120814   0.0276764
x_ =  9.88855
-11.6116
-2.77107
 1.61362
-0.32254
P_ =  0.00792845 0.000602634 -0.00111627  0.00615902  0.00666203
0.000602634  0.00513858   0.0060509  0.00128105  0.00113774
-0.00111627   0.0060509   0.0162426 0.000467929 0.000753819
 0.00615902  0.00128105 0.000467929   0.0080298   0.0120609
 0.00666203  0.00113774 0.000753819   0.0120609   0.0275435
x_ =   9.84521
 -11.8806
 -2.75413
  1.54299
-0.364645
P_ =   0.00791094  0.000463142 -0.000823606   0.00618021     0.006699
 0.000463142   0.00505143   0.00605323  0.000983364   0.00080308
-0.000823606   0.00605323    0.0161363  0.000484398  0.000780847
  0.00618021  0.000983364  0.000484398   0.00802625     0.012059
    0.006699   0.00080308  0.000780847     0.012059    0.0274315
x_ =   9.76978
 -12.1557
 -2.74895
  1.45727
-0.418123
P_ =   0.00789652    0.0003019 -0.000494929    0.0062098   0.00673257
   0.0003019   0.00497806   0.00605012  0.000644741  0.000413195
-0.000494929   0.00605012    0.0160602  0.000506317  0.000818546
   0.0062098  0.000644741  0.000506317   0.00804406    0.0120649
  0.00673257  0.000413195  0.000818546    0.0120649    0.0273328
x_ =  9.66882
-12.4104
-2.72682
 1.36517
-0.47367
P_ =   0.00788286    0.0001105  -0.00011512   0.00623881   0.00675269
   0.0001105   0.00492219   0.00603326  0.000246608 -5.24187e-05
 -0.00011512   0.00603326    0.0160144  0.000536494  0.000872199
  0.00623881  0.000246608  0.000536494   0.00807054    0.0120677
  0.00675269 -5.24187e-05  0.000872199    0.0120677    0.0272389
x_ =   9.52064
 -12.6466
 -2.69697
  1.24832
-0.550492
P_ =   0.00784083 -0.000106344   0.00031258   0.00624332   0.00672878
-0.000106344   0.00489442   0.00599371 -0.000204645 -0.000578423
  0.00031258   0.00599371    0.0159977  0.000575733  0.000942187
  0.00624332 -0.000204645  0.000575733   0.00810438    0.0120713
  0.00672878 -0.000578423  0.000942187    0.0120713    0.0271589
x_ =   9.34618
  -12.884
 -2.66126
  1.12632
-0.619105
P_ =   0.00794451 -0.000391043  0.000869373   0.00635319   0.00677769
-0.000391043   0.00499959   0.00601406 -0.000799906  -0.00127263
 0.000869373   0.00601406    0.0163404  0.000632281   0.00103564
  0.00635319 -0.000799906  0.000632281   0.00827034    0.0122183
  0.00677769  -0.00127263   0.00103564    0.0122183    0.0275367
x_ =   9.08873
 -13.0713
  -2.6416
 0.948894
-0.744438
P_ =    0.0077046 -0.000638593   0.00141161   0.00617845   0.00652063
-0.000638593   0.00504252   0.00585363  -0.00136897   -0.0019186
  0.00141161   0.00585363    0.0163131  0.000690153   0.00114468
  0.00617845  -0.00136897  0.000690153   0.00826903    0.0121998
  0.00652063   -0.0019186   0.00114468    0.0121998    0.0274216
x_ =   8.81709
 -13.2282
 -2.60089
 0.775765
-0.845838
P_ =   0.00754531 -0.000968688   0.00214786   0.00605521   0.00627673
-0.000968688   0.00527387   0.00566187  -0.00217976  -0.00284704
  0.00214786   0.00566187    0.0166694  0.000773777   0.00129012
  0.00605521  -0.00217976  0.000773777   0.00845287    0.0123823
  0.00627673  -0.00284704   0.00129012    0.0123823    0.0278181
x_ =   8.52784
  -13.328
 -2.57695
 0.592441
-0.953646
P_ =   0.0070706 -0.00117898  0.00282181  0.00564125  0.00572498
-0.00117898  0.00545085   0.0052563 -0.00290295  -0.0036498
 0.00282181   0.0052563   0.0166842 0.000862172  0.00145794
 0.00564125 -0.00290295 0.000862172  0.00850015   0.0124219
 0.00572498  -0.0036498  0.00145794   0.0124219   0.0277399
x_ =  8.19199
-13.3735
-2.54947
0.374826
-1.07702
P_ =  0.00666984 -0.00138901  0.00363877  0.00521128  0.00511638
-0.00138901  0.00587179  0.00475446 -0.00383336 -0.00465312
 0.00363877  0.00475446   0.0171061 0.000977528  0.00165278
 0.00521128 -0.00383336 0.000977528  0.00874866   0.0126639
 0.00511638 -0.00465312  0.00165278   0.0126639   0.0281691
x_ =   7.8642
-13.3662
-2.52854
0.161656
-1.18063
P_ =  0.00612661 -0.00144053  0.00443015  0.00451705  0.00420314
-0.00144053  0.00635057  0.00402346 -0.00475208  -0.0055947
 0.00443015  0.00402346   0.0175289  0.00110481  0.00186818
 0.00451705 -0.00475208  0.00110481  0.00898218   0.0128838
 0.00420314  -0.0055947  0.00186818   0.0128838   0.0285231
x_ =    7.56554
  -13.3411
  -2.54593
-0.0165588
  -1.24193
P_ =  0.00548891 -0.00126576  0.00498438  0.00358866  0.00307664
-0.00126576  0.00663974  0.00311628 -0.00539213  -0.0061967
 0.00498438  0.00311628   0.0176183  0.00122569  0.00208562
 0.00358866 -0.00539213  0.00122569  0.00906558   0.0129342
 0.00307664  -0.0061967  0.00208562   0.0129342   0.0283771
x_ =   7.25608
 -13.2866
 -2.57029
-0.189283
 -1.27658
P_ =   0.00504868 -0.000985492   0.00555085   0.00255168   0.00184169
-0.000985492    0.0071494   0.00206484  -0.00614381   -0.0068622
  0.00555085   0.00206484    0.0181003   0.00136339    0.0022975
  0.00255168  -0.00614381   0.00136339    0.0093059    0.0131223
  0.00184169   -0.0068622    0.0022975    0.0131223     0.028667
x_ =   6.97336
 -13.1945
 -2.60823
-0.348447
 -1.30396
P_ =   0.00470408 -0.000570721   0.00580823   0.00145739  0.000621063
-0.000570721    0.0073502   0.00100951  -0.00648028  -0.00706379
  0.00580823   0.00100951    0.0181877   0.00147275   0.00248019
  0.00145739  -0.00648028   0.00147275    0.0092921    0.0130362
 0.000621063  -0.00706379   0.00248019    0.0130362    0.0283585
x_ =   6.68117
 -13.0742
 -2.64988
-0.496642
 -1.30243
P_ =   0.00462458  -5.6375e-05   0.00601251  0.000246003 -0.000695406
 -5.6375e-05   0.00767759 -0.000160841  -0.00682732  -0.00723643
  0.00601251 -0.000160841    0.0186124   0.00157994   0.00262634
 0.000246003  -0.00682732   0.00157994   0.00936462    0.0130331
-0.000695406  -0.00723643   0.00262634    0.0130331    0.0284593
x_ =   6.39711
 -12.9689
 -2.68894
-0.591181
 -1.24474
P_ =   0.00475792  0.000483665   0.00601791 -0.000947066   -0.0019283
 0.000483665   0.00781209  -0.00130461   -0.0068824  -0.00709623
  0.00601791  -0.00130461    0.0189337    0.0016532   0.00272478
-0.000947066   -0.0068824    0.0016532   0.00928534    0.0128973
  -0.0019283  -0.00709623   0.00272478    0.0128973    0.0284288
x_ =   6.10826
 -12.8538
 -2.73091
-0.660628
 -1.16767
P_ =  0.00506277 0.000932545  0.00589771 -0.00195724 -0.00290078
0.000932545  0.00781551 -0.00231336 -0.00671487 -0.00676435
 0.00589771 -0.00231336   0.0191122  0.00168364  0.00276123
-0.00195724 -0.00671487  0.00168364  0.00907723   0.0126726
-0.00290078 -0.00676435  0.00276123   0.0126726   0.0283285
x_ =   5.84103
 -12.7088
 -2.78581
-0.730792
 -1.11141
P_ =  0.00530752  0.00118558  0.00562657 -0.00261757 -0.00347835
 0.00118558  0.00756183 -0.00303273 -0.00628838 -0.00625066
 0.00562657 -0.00303273   0.0188279  0.00166503  0.00274415
-0.00261757 -0.00628838  0.00166503  0.00868966   0.0123034
-0.00347835 -0.00625066  0.00274415   0.0123034   0.0278187
x_ =    5.5688
 -12.5572
 -2.80414
-0.782929
 -1.03527
P_ =  0.00573053  0.00143793  0.00537409 -0.00328763 -0.00408137
 0.00143793  0.00749627 -0.00375559 -0.00597631 -0.00588557
 0.00537409 -0.00375559    0.018827  0.00163483  0.00267145
-0.00328763 -0.00597631  0.00163483  0.00846794   0.0121426
-0.00408137 -0.00588557  0.00267145   0.0121426   0.0278734
x_ =   5.29093
 -12.3907
 -2.83015
-0.822902
-0.954474
P_ =  0.00610929  0.00157468   0.0050943 -0.00377172  -0.0044958
 0.00157468  0.00737072 -0.00432004 -0.00560494 -0.00549797
  0.0050943 -0.00432004    0.018716  0.00157493   0.0025522
-0.00377172 -0.00560494  0.00157493  0.00824359   0.0120143
 -0.0044958 -0.00549797   0.0025522   0.0120143   0.0279556
x_ =   5.03931
  -12.196
 -2.84461
-0.875432
-0.897623
P_ =  0.00642072  0.00163299  0.00481233 -0.00411578 -0.00478644
 0.00163299  0.00723026 -0.00474067 -0.00523988 -0.00515364
 0.00481233 -0.00474067   0.0185244  0.00149445  0.00239707
-0.00411578 -0.00523988  0.00149445  0.00805996   0.0119494
-0.00478644 -0.00515364  0.00239707   0.0119494   0.0280782
x_ =   4.82977
 -12.0077
 -2.84511
-0.924137
-0.853598
P_ =   0.0065073  0.00157938  0.00446344 -0.00426398 -0.00491091
 0.00157938  0.00691505 -0.00494407  -0.0047971 -0.00475167
 0.00446344 -0.00494407   0.0179908  0.00140124  0.00223923
-0.00426398  -0.0047971  0.00140124  0.00783757   0.0118293
-0.00491091 -0.00475167  0.00223923   0.0118293   0.0278201
x_ =   4.65135
 -11.7492
 -2.84843
 -1.01728
-0.852459
P_ =  0.00678028  0.00159641  0.00417211 -0.00457028  -0.0052275
 0.00159641  0.00680092 -0.00522448 -0.00452448 -0.00451473
 0.00417211 -0.00522448    0.017855  0.00131933   0.0020676
-0.00457028 -0.00452448  0.00131933  0.00786036   0.0119544
 -0.0052275 -0.00451473   0.0020676   0.0119544   0.0281103
x_ =   4.50923
 -11.5009
 -2.81725
  -1.1043
-0.847386
P_ =  0.00704119  0.00157328  0.00380621 -0.00488924 -0.00557964
 0.00157328  0.00660467 -0.00547038 -0.00417585 -0.00415563
 0.00380621 -0.00547038    0.017722  0.00124071  0.00191555
-0.00488924 -0.00417585  0.00124071  0.00790438   0.0120772
-0.00557964 -0.00415563  0.00191555   0.0120772   0.0283327
x_ =  4.41488
-11.2159
-2.83399
-1.21527
-0.87496
P_ =  0.00707844  0.00144917  0.00337484 -0.00504581 -0.00576048
 0.00144917  0.00624847 -0.00556435 -0.00372236 -0.00367437
 0.00337484 -0.00556435   0.0172967  0.00116993  0.00180352
-0.00504581 -0.00372236  0.00116993  0.00786456   0.0120765
-0.00576048 -0.00367437  0.00180352   0.0120765   0.0280983
x_ =   4.36334
 -10.9146
 -2.81463
 -1.34176
-0.909574
P_ =  0.00740766  0.00137161  0.00289198 -0.00545936 -0.00622413
 0.00137161  0.00602272 -0.00580313 -0.00329231 -0.00317072
 0.00289198 -0.00580313   0.0173213  0.00113112  0.00173029
-0.00545936 -0.00329231  0.00113112  0.00802379   0.0122558
-0.00622413 -0.00317072  0.00173029   0.0122558   0.0283463
x_ =   4.35787
 -10.6121
 -2.79005
 -1.47641
-0.949634
P_ =  0.00770376  0.00120579  0.00232028 -0.00583509 -0.00661456
 0.00120579  0.00575609  -0.0060152 -0.00273799 -0.00250289
 0.00232028  -0.0060152   0.0173716  0.00111185  0.00170285
-0.00583509 -0.00273799  0.00111185  0.00815478   0.0123818
-0.00661456 -0.00250289  0.00170285   0.0123818   0.0284984
x_ =   4.37752
 -10.3108
 -2.77449
 -1.60405
-0.976608
P_ =  0.00794425  0.00095084  0.00166267 -0.00615284 -0.00691149
 0.00095084  0.00549113 -0.00618676 -0.00207335 -0.00170486
 0.00166267 -0.00618676   0.0174489  0.00111409  0.00171894
-0.00615284 -0.00207335  0.00111409   0.0082701    0.012479
-0.00691149 -0.00170486  0.00171894    0.012479   0.0285979
x_ =  4.45548
-10.0126
-2.75841
-1.75068
-1.02114
P_ =   0.00812597  0.000630902  0.000947507   -0.0063994  -0.00710568
 0.000630902    0.0052821  -0.00630606  -0.00134072 -0.000844997
 0.000947507  -0.00630606    0.0175545   0.00113409   0.00176574
  -0.0063994  -0.00134072   0.00113409   0.00837112    0.0125541
 -0.00710568 -0.000844997   0.00176574    0.0125541    0.0286688
x_ =  4.56647
-9.72512
-2.74915
-1.89468
-1.05681
P_ =   0.00821458   0.00024501  0.000159004  -0.00655188   -0.0071761
  0.00024501   0.00514272  -0.00634634 -0.000520955  0.000102474
 0.000159004  -0.00634634    0.0176805   0.00116959   0.00183808
 -0.00655188 -0.000520955   0.00116959   0.00846036    0.0126142
  -0.0071761  0.000102474   0.00183808    0.0126142    0.0287188
x_ =  4.70337
-9.44987
-2.74699
-2.03091
-1.07877
P_ =   0.00820739 -0.000174365 -0.000676278  -0.00659931  -0.00711671
-0.000174365   0.00510885  -0.00629527  0.000352332   0.00108786
-0.000676278  -0.00629527    0.0178284   0.00121612   0.00192605
 -0.00659931  0.000352332   0.00121612   0.00853814    0.0126615
 -0.00711671   0.00108786   0.00192605    0.0126615    0.0287602
x_ =  4.88575
-9.18012
 -2.7673
-2.17454
-1.10367
P_ =       0.0081 -0.000586682  -0.00152062   -0.0065271  -0.00692157
-0.000586682    0.0051928  -0.00614362   0.00123511   0.00205395
 -0.00152062  -0.00614362     0.017974   0.00126675   0.00201712
  -0.0065271   0.00123511   0.00126675   0.00859094    0.0126831
 -0.00692157   0.00205395   0.00201712    0.0126831    0.0287718
x_ =  5.04935
-8.95905
-2.76927
-2.28015
-1.09824
P_ =  0.00771744 -0.00090859 -0.00225459 -0.00619872  -0.0064768
-0.00090859  0.00527338 -0.00579784  0.00200444  0.00287406
-0.00225459 -0.00579784   0.0177905  0.00130929  0.00210776
-0.00619872  0.00200444  0.00130929  0.00849256   0.0125415
 -0.0064768  0.00287406  0.00210776   0.0125415   0.0283363
x_ =  5.25733
-8.71576
-2.79627
-2.38984
-1.08293
P_ =  0.00753819 -0.00123786 -0.00305359 -0.00598166 -0.00614105
-0.00123786  0.00559101 -0.00548306  0.00284634  0.00374742
-0.00305359 -0.00548306   0.0179901  0.00136019  0.00217878
-0.00598166  0.00284634  0.00136019  0.00855023   0.0125589
-0.00614105  0.00374742  0.00217878   0.0125589    0.028399
x_ =  5.45677
-8.50741
-2.81728
 -2.4759
-1.05627
P_ =  0.00714079 -0.00140861 -0.00365422 -0.00553878 -0.00559838
-0.00140861  0.00581875 -0.00503778  0.00345326  0.00434353
-0.00365422 -0.00503778   0.0178106  0.00138578  0.00222676
-0.00553878  0.00345326  0.00138578  0.00840891   0.0123696
-0.00559838  0.00434353  0.00222676   0.0123696   0.0279596
x_ =   5.65088
 -8.29499
 -2.80257
 -2.53641
-0.997442
P_ =  0.00693794  -0.0015888 -0.00430787 -0.00518993 -0.00515623
 -0.0015888  0.00626188 -0.00462297   0.0041343  0.00500389
-0.00430787 -0.00462297   0.0179801  0.00140774  0.00223847
-0.00518993   0.0041343  0.00140774  0.00839572   0.0123225
-0.00515623  0.00500389  0.00223847   0.0123225   0.0280093
x_ =   5.88088
 -8.07734
 -2.82287
 -2.59629
-0.941417
P_ =  0.00673186 -0.00165534 -0.00484014 -0.00479249 -0.00469159
-0.00165534  0.00665499 -0.00422097  0.00463238  0.00543951
-0.00484014 -0.00422097   0.0180671   0.0013997  0.00220378
-0.00479249  0.00463238   0.0013997  0.00831867   0.0122366
-0.00469159  0.00543951  0.00220378   0.0122366   0.0280315
x_ =   6.11155
 -7.86347
 -2.83433
 -2.63821
-0.873859
P_ =  0.00653866 -0.00165387 -0.00526576 -0.00438023 -0.00424076
-0.00165387  0.00699907 -0.00382615  0.00500722  0.00575334
-0.00526576 -0.00382615   0.0180786  0.00136574  0.00212997
-0.00438023  0.00500722  0.00136574  0.00821376   0.0121518
-0.00424076  0.00575334  0.00212997   0.0121518    0.028064
x_ =   6.33919
 -7.65823
 -2.82948
 -2.66753
-0.802259
P_ =  0.00637882 -0.00160722 -0.00558986 -0.00399655 -0.00384966
-0.00160722  0.00727477 -0.00346901  0.00527165  0.00596467
-0.00558986 -0.00346901   0.0180284   0.0013102  0.00202216
-0.00399655  0.00527165   0.0013102  0.00811332   0.0120968
-0.00384966  0.00596467  0.00202216   0.0120968   0.0281305
x_ =   6.56235
 -7.46307
 -2.80914
 -2.68826
-0.731031
P_ =  0.00625127 -0.00153399 -0.00582236 -0.00366252 -0.00353286
-0.00153399  0.00747135 -0.00316423  0.00544707  0.00609808
-0.00582236 -0.00316423   0.0179275   0.0012376  0.00188604
-0.00366252  0.00544707   0.0012376  0.00804209   0.0120888
-0.00353286  0.00609808  0.00188604   0.0120888    0.028235
x_ =  6.78866
-7.27899
-2.81905
-2.70301
-0.66726
P_ =    0.006032  -0.0014019 -0.00586038  -0.0033306 -0.00324016
 -0.0014019  0.00740081 -0.00288937  0.00541877  0.00604021
-0.00586038 -0.00288937   0.0174874  0.00115102   0.0017409
 -0.0033306  0.00541877  0.00115102  0.00790688   0.0120054
-0.00324016  0.00604021   0.0017409   0.0120054   0.0279622
x_ =   7.00437
 -7.07449
 -2.78848
 -2.69467
-0.580073
P_ =  0.00600226 -0.00136488 -0.00599742 -0.00315614  -0.0031091
-0.00136488  0.00758087  -0.0026952  0.00559313  0.00621168
-0.00599742  -0.0026952   0.0174366  0.00106488  0.00157141
-0.00315614  0.00559313  0.00106488  0.00798301   0.0121345
 -0.0031091  0.00621168  0.00157141   0.0121345    0.028219
x_ =  7.23809
-6.87584
 -2.7773
-2.69072
-0.50702
P_ =  0.00598797  -0.0013274 -0.00606874 -0.00304186 -0.00304565
 -0.0013274  0.00767166 -0.00258243  0.00568718  0.00628255
-0.00606874 -0.00258243   0.0173561 0.000963613  0.00138073
-0.00304186  0.00568718 0.000963613  0.00805313    0.012247
-0.00304565  0.00628255  0.00138073    0.012247     0.02842
x_ =   7.4615
-6.67658
-2.75534
-2.67658
-0.43195
P_ =  0.00598048  -0.0012997 -0.00609557 -0.00297063 -0.00302215
 -0.0012997   0.0077228  -0.0025226    0.005749  0.00632154
-0.00609557  -0.0025226   0.0172674 0.000852093  0.00117876
-0.00297063    0.005749 0.000852093  0.00812542   0.0123529
-0.00302215  0.00632154  0.00117876   0.0123529   0.0285874
x_ =   7.69035
 -6.52434
 -2.75181
 -2.68928
-0.398899
P_ =  0.00586095 -0.00123521  -0.0059753 -0.00288193 -0.00298289
-0.00123521  0.00753959 -0.00247907  0.00563752  0.00618608
 -0.0059753 -0.00247907   0.0168684 0.000736096  0.00098474
-0.00288193  0.00563752 0.000736096  0.00808784    0.012325
-0.00298289  0.00618608  0.00098474    0.012325   0.0283172
x_ =  7.93267
-6.37878
-2.72632
-2.70847
-0.37257
P_ =  0.00588898 -0.00124667 -0.00598999 -0.00288568 -0.00301436
-0.00124667  0.00764177 -0.00247923  0.00576036  0.00630712
-0.00598999 -0.00247923   0.0168826 0.000625536 0.000795882
-0.00288568  0.00576036 0.000625536  0.00823426    0.012475
-0.00301436  0.00630712 0.000795882    0.012475   0.0285438
x_ =   8.18176
 -6.21663
 -2.72053
 -2.71127
-0.331337
P_ =  0.00588468 -0.00123467 -0.00599619 -0.00284532 -0.00297235
-0.00123467  0.00771378 -0.00246626  0.00585542  0.00638891
-0.00599619 -0.00246626   0.0168874 0.000520464 0.000632142
-0.00284532  0.00585542 0.000520464  0.00834059   0.0125754
-0.00297235  0.00638891 0.000632142   0.0125754   0.0286938
x_ =   8.39735
 -6.04874
 -2.71346
 -2.69163
-0.274316
P_ =  0.00575863 -0.00117727 -0.00588352 -0.00274701 -0.00287691
-0.00117727   0.0075698 -0.00242513  0.00577858  0.00629601
-0.00588352 -0.00242513   0.0165727 0.000427286 0.000501425
-0.00274701  0.00577858 0.000427286  0.00829791   0.0125107
-0.00287691  0.00629601 0.000501425   0.0125107    0.028381
x_ =   8.66143
 -5.90261
  -2.7181
 -2.70498
-0.256102
P_ =  0.00580193 -0.00120589 -0.00589147 -0.00279191 -0.00294186
-0.00120589  0.00767048 -0.00247388  0.00588785  0.00638825
-0.00589147 -0.00247388   0.0166585 0.000343492 0.000380615
-0.00279191  0.00588785 0.000343492  0.00842174   0.0126146
-0.00294186  0.00638825 0.000380615   0.0126146   0.0285657
x_ =    8.9051
 -5.72884
 -2.71288
 -2.68683
-0.206322
P_ =  0.00582189 -0.00121753 -0.00590042 -0.00279385 -0.00294167
-0.00121753  0.00775807  -0.0025023  0.00596978  0.00644974
-0.00590042  -0.0025023   0.0167296 0.000269761 0.000282089
-0.00279385  0.00596978 0.000269761  0.00848535   0.0126583
-0.00294167  0.00644974 0.000282089   0.0126583   0.0286778
x_ =   9.11585
  -5.5538
 -2.70531
 -2.65417
-0.149079
P_ =   0.0057286 -0.00118413 -0.00578564 -0.00275481 -0.00291638
-0.00118413  0.00760045 -0.00251289  0.00585162  0.00630609
-0.00578564 -0.00251289   0.0164668 0.000206456 0.000200961
-0.00275481  0.00585162 0.000206456  0.00839698   0.0125467
-0.00291638  0.00630609 0.000200961   0.0125467   0.0283439
x_ =   9.36423
 -5.38425
 -2.70658
 -2.64203
-0.118495
P_ =  0.00580437 -0.00123541 -0.00577885  -0.0028676 -0.00306224
-0.00123541  0.00766803 -0.00262328  0.00590502  0.00633363
-0.00577885 -0.00262328   0.0165898 0.000147184 0.000118203
 -0.0028676  0.00590502 0.000147184  0.00848015   0.0126174
-0.00306224  0.00633363 0.000118203   0.0126174   0.0285229
x_ =    9.60002
  -5.20159
  -2.70173
  -2.61608
-0.0768256
P_ =  0.00586825 -0.00127521 -0.00576078  -0.0029638 -0.00317804
-0.00127521  0.00770176 -0.00273425  0.00591631  0.00631662
-0.00576078 -0.00273425   0.0166873  9.1701e-05 4.05015e-05
 -0.0029638  0.00591631  9.1701e-05  0.00851663   0.0126483
-0.00317804  0.00631662 4.05015e-05   0.0126483   0.0286484
x_ =   9.82326
 -5.00673
 -2.69259
   -2.579
-0.028251
P_ =   0.00593098  -0.00131083  -0.00572211  -0.00307159  -0.00330805
 -0.00131083   0.00769079  -0.00286309   0.00588278   0.00625324
 -0.00572211  -0.00286309    0.0167604  3.94584e-05 -3.40654e-05
 -0.00307159   0.00588278  3.94584e-05   0.00853157    0.0126693
 -0.00330805   0.00625324 -3.40654e-05    0.0126693    0.0287531
x_ =   10.0356
 -4.80666
 -2.67749
 -2.53801
0.0188348
P_ =    0.0060067  -0.00134954  -0.00566125  -0.00321231  -0.00347932
 -0.00134954   0.00764445  -0.00302264    0.0058159   0.00615548
 -0.00566125  -0.00302264    0.0168298 -1.17711e-05 -0.000110461
 -0.00321231    0.0058159 -1.17711e-05    0.0085509    0.0127059
 -0.00347932   0.00615548 -0.000110461    0.0127059    0.0288764
x_ =  10.2286
-4.56855
-2.67135
-2.46786
0.091314
P_ =   0.00608712  -0.00138504  -0.00557175  -0.00337792  -0.00367973
 -0.00138504   0.00755747  -0.00320573   0.00571545   0.00602449
 -0.00557175  -0.00320573    0.0168778 -6.34448e-05 -0.000190733
 -0.00337792   0.00571545 -6.34448e-05   0.00857852    0.0127577
 -0.00367973   0.00602449 -0.000190733    0.0127577    0.0289958
x_ =  10.4168
-4.30596
-2.68312
-2.38821
0.165012
P_ =   0.00620407  -0.00143387    -0.005432  -0.00361926   -0.0039754
 -0.00143387   0.00742718  -0.00344731   0.00556941   0.00583766
   -0.005432  -0.00344731    0.0169289 -0.000121156 -0.000286656
 -0.00361926   0.00556941 -0.000121156   0.00862493    0.0128293
  -0.0039754   0.00583766 -0.000286656    0.0128293    0.0291269
x_ =  10.5939
 -4.0464
-2.68895
-2.31708
0.221162
P_ =   0.00636194  -0.00149218  -0.00523274   -0.0039285  -0.00435015
 -0.00149218    0.0072609  -0.00374045   0.00537434   0.00559327
 -0.00523274  -0.00374045    0.0169809  -0.00018917 -0.000404232
  -0.0039285   0.00537434  -0.00018917   0.00867515    0.0128982
 -0.00435015   0.00559327 -0.000404232    0.0128982    0.0292353
x_ =  10.7771
-3.80148
 -2.6965
-2.26938
0.245744
P_ =    0.0065438  -0.00153977  -0.00498829  -0.00425982  -0.00473739
 -0.00153977    0.0070743  -0.00405567   0.00514172    0.0053091
 -0.00498829  -0.00405567    0.0170332  -0.00026618 -0.000536152
 -0.00425982   0.00514172  -0.00026618   0.00872038     0.012953
 -0.00473739    0.0053091 -0.000536152     0.012953    0.0293091
x_ =  10.9227
-3.53117
-2.69474
-2.19555
0.295711
P_ =   0.00672703  -0.00156987  -0.00473353  -0.00456243  -0.00507093
 -0.00156987   0.00690603   -0.0043552   0.00490976   0.00503889
 -0.00473353   -0.0043552     0.017082 -0.000344791 -0.000663209
 -0.00456243   0.00490976 -0.000344791   0.00874972    0.0129826
 -0.00507093   0.00503889 -0.000663209    0.0129826    0.0293431
x_ =  11.0564
-3.26387
-2.72002
-2.12802
0.335028
P_ =   0.00674704  -0.00151293  -0.00437701  -0.00472893  -0.00526317
 -0.00151293   0.00657296   -0.0045542   0.00453879   0.00462832
 -0.00437701   -0.0045542    0.0168091 -0.000417232 -0.000780863
 -0.00472893   0.00453879 -0.000417232   0.00864879    0.0128648
 -0.00526317   0.00462832 -0.000780863    0.0128648    0.0289411
x_ =  11.1788
-2.96272
-2.73885
-2.04891
0.379194
P_ =   0.00702549  -0.00153695  -0.00406199  -0.00510242  -0.00567032
 -0.00153695   0.00643399  -0.00487794   0.00428569   0.00433058
 -0.00406199  -0.00487794    0.0169424 -0.000495075 -0.000893271
