Data load is complete.
Number of measurements :100, Number of ground truths: 100
Initializing Fusion Unscented Kalman Filter
x_ =     1.08558
  -0.487832
   0.707374
1.38778e-17
2.77556e-17
P_ = 0.973071   0.4843 0.399042        0        0
  0.4843 0.782334 0.315603        0        0
0.399042 0.315603 0.744894        0        0
       0        0        0  2.07562  1.15125
       0        0        0  1.15125   1.3025
x_ =    3.9347
-0.121313
  2.12772
  -0.6183
0.0413573
P_ =   0.172283 -0.0596647  0.0489817 -0.0390413 -0.0716022
-0.0596647   0.398821  0.0707502  0.0394686   0.117151
 0.0489817  0.0707502   0.358814   0.189796 -0.0334865
-0.0390413  0.0394686   0.189796    2.30051  -0.286748
-0.0716022   0.117151 -0.0334865  -0.286748    1.58123
x_ =   6.23734
0.0279532
  2.44481
 0.795692
 0.429047
P_ =    0.159943   0.0728025   0.0174941 -0.00134458     0.18054
  0.0728025    0.131824   0.0607368  -0.0676745    0.142281
  0.0174941   0.0607368    0.467188    -0.24807   -0.142695
-0.00134458  -0.0676745    -0.24807    0.564651    0.557535
    0.18054    0.142281   -0.142695    0.557535     1.58667
x_ =     8.7653
  0.881517
   2.83462
-0.0313327
 -0.385097
P_ =   0.0829658 -0.00199921   0.0227998    0.014724   0.0356107
-0.00199921   0.0714117  -0.0117525   0.0171515   0.0175919
  0.0227998  -0.0117525    0.480151     0.21233    0.201443
   0.014724   0.0171515     0.21233    0.362164    0.271317
  0.0356107   0.0175919    0.201443    0.271317    0.333019
x_ =   11.3296
  1.46682
  3.10206
0.0750295
-0.111378
P_ =  0.0918894 -0.0263345 -0.0547159 -0.0239839 -0.0480966
-0.0263345   0.142411  0.0802988  0.0331114  0.0340187
-0.0547159  0.0802988   0.413515 -0.0176129 -0.0229144
-0.0239839  0.0331114 -0.0176129   0.124694   0.148367
-0.0480966  0.0340187 -0.0229144   0.148367   0.284575
x_ =  13.7278
 2.01458
 3.03028
0.271389
0.143033
P_ =    0.0702318   -0.0194311   -0.0132275   -0.0213514   -0.0286107
  -0.0194311     0.164823 -0.000844037    0.0636758    0.0374687
  -0.0132275 -0.000844037     0.362397    -0.031625   -0.0245451
  -0.0213514    0.0636758    -0.031625     0.147988     0.201602
  -0.0286107    0.0374687   -0.0245451     0.201602     0.349353
x_ =   16.3282
  2.83729
    3.081
 0.318933
0.0115332
P_ =   0.0687539   -0.026176  0.00507377  0.00162502   0.0216873
  -0.026176    0.215951 -0.00397489    0.091545   0.0589986
 0.00507377 -0.00397489    0.389452   0.0089373   0.0104106
 0.00162502    0.091545   0.0089373    0.186995    0.226807
  0.0216873   0.0589986   0.0104106    0.226807    0.354924
x_ =   19.1738
  3.82624
   3.3751
 0.356122
0.0571936
P_ =   0.0708474  -0.0379902  0.00666845  -0.0113245  0.00797394
 -0.0379902     0.28796  0.00534785    0.119124   0.0682287
 0.00666845  0.00534785    0.415283  0.00313116 -0.00344736
 -0.0113245    0.119124  0.00313116    0.219907    0.251794
 0.00797394   0.0682287 -0.00344736    0.251794    0.380703
x_ =   21.7178
  4.75688
  3.24886
 0.302884
-0.105532
P_ =    0.0810457   -0.0649652   0.00727334   -0.0152356    0.0117674
  -0.0649652     0.385411   0.00646822     0.144737      0.08149
  0.00727334   0.00646822     0.458813 -0.000263582   -0.0130269
  -0.0152356     0.144737 -0.000263582     0.244349     0.266067
   0.0117674      0.08149   -0.0130269     0.266067     0.387577
x_ =     24.5995
    5.88442
    3.32738
   0.372632
-0.00807316
P_ =    0.086925  -0.0922748   0.0148852  -0.0439452  -0.0242941
 -0.0922748    0.466697  0.00312725    0.176386   0.0913327
  0.0148852  0.00312725    0.481898 -0.00525504   -0.007359
 -0.0439452    0.176386 -0.00525504    0.300552    0.305768
 -0.0242941   0.0913327   -0.007359    0.305768    0.424747
x_ =    26.8049
   6.99608
    2.9291
  0.411211
-0.0984508
P_ =    0.100365   -0.131812   0.0153016  -0.0459744  -0.0121995
  -0.131812    0.581706   0.0156402    0.212571    0.110729
  0.0153016   0.0156402     0.51757  0.00578467 -0.00575944
 -0.0459744    0.212571  0.00578467    0.357155    0.337441
 -0.0121995    0.110729 -0.00575944    0.337441    0.443346
x_ =    29.498
  8.22242
  3.06686
 0.393373
-0.074181
P_ =    0.110584   -0.162643   0.0190677  -0.0725955  -0.0309931
  -0.162643    0.647189   0.0239992    0.262027    0.129296
  0.0190677   0.0239992    0.535807  0.00444849 -0.00587833
 -0.0725955    0.262027  0.00444849    0.469539    0.397622
 -0.0309931    0.129296 -0.00587833    0.397622    0.481212
x_ =     31.876
   9.49625
   3.02363
  0.486358
-0.0162229
P_ =    0.128428   -0.209133   0.0172301  -0.0876131  -0.0367208
  -0.209133    0.778045   0.0244888    0.300165     0.14033
  0.0172301   0.0244888    0.579382  0.00327474 -0.00625627
 -0.0876131    0.300165  0.00327474    0.550359     0.43377
 -0.0367208     0.14033 -0.00625627     0.43377    0.503577
x_ =    34.9292
    10.896
   3.40071
  0.364689
-0.0362874
P_ =   0.148673  -0.255951  0.0124029 -0.0996729 -0.0303185
 -0.255951    0.88585  0.0341632   0.346694    0.16389
 0.0124029  0.0341632    0.62958   0.014275 -0.0116143
-0.0996729   0.346694   0.014275   0.658459   0.480885
-0.0303185    0.16389 -0.0116143   0.480885   0.522476
x_ =  37.5695
 12.2577
 3.36858
0.491519
0.015294
P_ =    0.172023   -0.318933   0.0143004   -0.117753  -0.0478363
  -0.318933     1.07684   0.0183741    0.377409    0.166405
  0.0143004   0.0183741    0.698019 -0.00906715  -0.0199223
  -0.117753    0.377409 -0.00906715    0.724973    0.499958
 -0.0478363    0.166405  -0.0199223    0.499958    0.537551
x_ =    39.9893
   13.6344
   3.29564
  0.538334
-0.0978135
P_ =   0.201144  -0.381584  0.0109107  -0.132818 -0.0401891
 -0.381584    1.21119  0.0221241   0.429908   0.194327
 0.0109107  0.0221241   0.765803  0.0165642 -0.0179557
 -0.132818   0.429908  0.0165642   0.846763     0.5501
-0.0401891   0.194327 -0.0179557     0.5501   0.554141
x_ =   42.6089
  15.0404
  3.31325
 0.487672
-0.146752
P_ =   0.232795  -0.448846 0.00337778  -0.169558 -0.0612404
 -0.448846      1.333  0.0430881   0.475488   0.208059
0.00337778  0.0430881   0.834396  0.0209353 -0.0190142
 -0.169558   0.475488  0.0209353    1.02688    0.61912
-0.0612404   0.208059 -0.0190142    0.61912   0.590118
x_ =   45.5919
  16.4764
  3.51148
 0.375827
-0.136042
P_ =   0.265144   -0.51601 0.00173668  -0.202111 -0.0824405
  -0.51601    1.47662  0.0438612   0.522713   0.213904
0.00173668  0.0438612   0.912749 0.00604363 -0.0162719
 -0.202111   0.522713 0.00604363    1.32661   0.716507
-0.0824405   0.213904 -0.0162719   0.716507   0.634088
x_ =   47.9701
  17.6099
  3.52449
 0.392302
0.0090912
P_ =   0.299189  -0.591696  0.0046583  -0.220882  -0.097748
 -0.591696    1.67715    0.01355   0.575792   0.218948
 0.0046583    0.01355    1.02197 -0.0219403 -0.0117611
 -0.220882   0.575792 -0.0219403    1.87947   0.881738
 -0.097748   0.218948 -0.0117611   0.881738   0.687622
x_ =   50.6013
  18.7594
  3.69539
 0.318028
0.0166283
P_ =    0.319797   -0.647282 -0.00318284   -0.110581  -0.0824838
  -0.647282     1.83914  -0.0123272    0.333537    0.227148
-0.00318284  -0.0123272     1.14438  -0.0198072 0.000403302
  -0.110581    0.333537  -0.0198072     3.57825   -0.640731
 -0.0824838    0.227148 0.000403302   -0.640731    0.830523
x_ =   53.4901
  19.8129
  3.87518
 0.375118
0.0363854
P_ =    0.338715   -0.682754   0.0022622   -0.223995   -0.119977
  -0.682754     1.94043  -0.0266759    0.596505    0.324269
  0.0022622  -0.0266759      1.2569 -0.00393766  0.00689428
  -0.223995    0.596505 -0.00393766     2.49149   0.0162103
  -0.119977    0.324269  0.00689428   0.0162103    0.984706
x_ =   55.8452
  20.9169
  4.03573
 0.435228
0.0276095
P_ =      0.40122    -0.820542   -0.0110902    -0.278134    -0.132339
   -0.820542      2.31742 -0.000620541     0.771369     0.365188
  -0.0110902 -0.000620541      1.36558     0.017506    0.0129525
   -0.278134     0.771369     0.017506      1.89351     0.504404
   -0.132339     0.365188    0.0129525     0.504404      1.03832
x_ =    58.5212
   21.9651
   4.17383
  0.372485
-0.0516887
P_ =   0.451178  -0.926061 -0.0205136  -0.292349  -0.135811
 -0.926061    2.57163  0.0278982   0.814171   0.384686
-0.0205136  0.0278982      1.459  0.0167335 0.00469143
 -0.292349   0.814171  0.0167335    2.01085   0.857277
 -0.135811   0.384686 0.00469143   0.857277   0.987716
x_ =    60.7452
    22.689
   4.27447
  0.367391
-0.0316733
P_ =    0.484294    -1.01492  -0.0101337   -0.213712   -0.142484
   -1.01492     2.79792   0.0107026    0.555136    0.368899
 -0.0101337   0.0107026     1.55934  0.00751727 -0.00763841
  -0.213712    0.555136  0.00751727     4.03737    -0.30268
  -0.142484    0.368899 -0.00763841    -0.30268    0.996223
x_ =    63.6642
   23.7323
   4.43489
  0.335215
-0.0323628
P_ =    0.488843    -1.04456 -0.00238438   -0.240459    -0.17561
   -1.04456     2.89007  0.00354408    0.638177    0.464899
-0.00238438  0.00354408     1.66025 -0.00492857  -0.0114313
  -0.240459    0.638177 -0.00492857     4.07057    0.485142
   -0.17561    0.464899  -0.0114313    0.485142      1.0002
x_ =    65.8008
   24.0414
   4.56192
  0.219216
-0.0535358
P_ =    0.533541    -1.15893 -0.00446725   -0.348931   -0.172262
   -1.15893     3.21405  -0.0239428    0.912761    0.456455
-0.00446725  -0.0239428     1.74518  -0.0134645  -0.0106701
  -0.348931    0.912761  -0.0134645      2.0282    0.341152
  -0.172262    0.456455  -0.0106701    0.341152     1.06012
x_ =    68.573
  24.6271
   4.7018
 0.222078
0.0211202
P_ =    0.564372    -1.23788  0.00244523    -0.38708   -0.177214
   -1.23788     3.51264  -0.0650849    0.989417    0.454704
 0.00244523  -0.0650849     1.81272  -0.0211877 -0.00511718
   -0.38708    0.989417  -0.0211877     1.81019    0.730652
  -0.177214    0.454704 -0.00511718    0.730652     1.02076
x_ =   70.6887
  24.7181
  4.71312
0.0829594
 0.022072
P_ =    0.579601     -1.3042   0.0109189   -0.376197   -0.179265
    -1.3042     3.77497   -0.066699     1.02617    0.476876
  0.0109189   -0.066699     1.87881 -0.00904046  0.00721355
  -0.376197     1.02617 -0.00904046     2.44808     1.08422
  -0.179265    0.476876  0.00721355     1.08422    0.969307
x_ =   72.9904
  25.0424
  4.87178
 0.372135
0.0531508
P_ =     0.56752    -1.33087   0.0023915   -0.330157   -0.135115
   -1.33087     3.97018  -0.0946376    0.763779    0.384539
  0.0023915  -0.0946376     1.95245   -0.049899 -0.00228849
  -0.330157    0.763779   -0.049899     2.48208   -0.507189
  -0.135115    0.384539 -0.00228849   -0.507189     1.09819
x_ =    74.8564
   25.1721
    5.0066
  0.247066
-0.0119703
P_ =   0.590342   -1.39085 -0.0247842  -0.351656  -0.126154
  -1.39085    4.17975 -0.0485027    1.06231   0.365891
-0.0247842 -0.0485027     1.9736  0.0384704  0.0232539
 -0.351656    1.06231  0.0384704    1.15316   0.373975
 -0.126154   0.365891  0.0232539   0.373975    1.30772
x_ =    76.9737
   25.3246
   4.97323
  0.144094
-0.0252471
P_ =     0.62379    -1.49906  -0.0318128    -0.39422   -0.179409
   -1.49906     4.58873  -0.0181854      1.1478    0.518596
 -0.0318128  -0.0181854      1.9047 -0.00153572  0.00393795
   -0.39422      1.1478 -0.00153572     1.27656    0.969555
  -0.179409    0.518596  0.00393795    0.969555     1.23707
x_ =    79.0973
   25.0507
   4.89685
  0.671324
-0.0945391
P_ =    0.60364   -1.49946  0.0186446  -0.216005  -0.184013
  -1.49946    4.71796  -0.072745   0.534526    0.52824
 0.0186446  -0.072745    1.93669   0.134976 -0.0153427
 -0.216005   0.534526   0.134976    3.82274  -0.867426
 -0.184013    0.52824 -0.0153427  -0.867426    1.15099
x_ =   80.9661
  25.1772
   4.9595
 0.193884
-0.266995
P_ =   0.587512   -1.47592 -0.0975501  -0.294163  -0.188856
  -1.47592    4.60104   0.209106    1.04718   0.568751
-0.0975501   0.209106    2.01641  0.0822755 -0.0363826
 -0.294163    1.04718  0.0822755    2.35962 -0.0280117
 -0.188856   0.568751 -0.0363826 -0.0280117    1.22493
x_ =    82.3208
   25.0676
   4.99357
0.00582105
 -0.130015
P_ =   0.608747    -1.5781 -0.0247629  -0.422444  -0.167154
   -1.5781    5.15815 0.00562795    1.21285   0.498559
-0.0247629 0.00562795    2.06783  -0.102762 -0.0849162
 -0.422444    1.21285  -0.102762    1.62664   0.575356
 -0.167154   0.498559 -0.0849162   0.575356      1.204
x_ =   84.1438
  24.4884
  4.95554
-0.191433
0.0258028
P_ =    0.604665     -1.5892   0.0316401   -0.448949   -0.206789
    -1.5892     5.35297   -0.239575     1.33161    0.584894
  0.0316401   -0.239575     2.09251  -0.0863776 -0.00907299
  -0.448949     1.33161  -0.0863776      1.8944    0.994893
  -0.206789    0.584894 -0.00907299    0.994893     1.04701
x_ =   85.8651
  23.8214
  5.03439
 0.368712
0.0452656
P_ =    0.547978    -1.52647   0.0326051   -0.290523   -0.178593
   -1.52647     5.46672   -0.272429    0.782366    0.542784
  0.0326051   -0.272429     2.15672 -0.00335756   0.0135675
  -0.290523    0.782366 -0.00335756     2.76366   -0.631259
  -0.178593    0.542784   0.0135675   -0.631259     1.03966
x_ =      87.46
   23.6418
   5.11241
  0.198111
-0.0213927
P_ =    0.526541    -1.49893  -0.0396944   -0.335907   -0.127135
   -1.49893     5.52613 -0.00252411     1.28611    0.444784
 -0.0396944 -0.00252411     2.16646   0.0945592   0.0405086
  -0.335907     1.28611   0.0945592      1.2966    0.206383
  -0.127135    0.444784   0.0405086    0.206383     1.24555
x_ =    88.2346
   23.0374
   4.85805
0.00658265
-0.0373993
P_ =    0.560801    -1.62047  -0.0597618   -0.379476   -0.152343
   -1.62047     6.11079   0.0400942     1.37944    0.551517
 -0.0597618   0.0400942     2.06988  0.00577228 -0.00106084
  -0.379476     1.37944  0.00577228      1.2021    0.912762
  -0.152343    0.551517 -0.00106084    0.912762     1.28533
x_ =    89.681
  22.5325
  4.73874
-0.386062
 -0.08176
P_ =   0.507143   -1.52007  0.0209598  -0.351541  -0.179619
  -1.52007     6.0242  -0.115821    1.38072   0.630917
 0.0209598  -0.115821    2.04943  -0.137071 -0.0391257
 -0.351541    1.38072  -0.137071    2.43106    1.51337
 -0.179619   0.630917 -0.0391257    1.51337    1.20769
x_ =   90.6858
  22.1512
  4.79833
-0.252836
-0.113965
P_ =   0.461391   -1.44002  0.0357793  -0.242337 -0.0489643
  -1.44002    6.00111  -0.420582   0.653062    0.36814
 0.0357793  -0.420582      2.101  -0.232454  0.0230886
 -0.242337   0.653062  -0.232454   0.590218  -0.531421
-0.0489643    0.36814  0.0230886  -0.531421    1.39401
x_ =   92.1929
  20.7221
  3.55405
-0.360846
  0.25598
P_ =  0.370037   -1.2108  0.241496 -0.182641 -0.109636
  -1.2108   5.56092  -1.05109  0.715861  0.220781
 0.241496  -1.05109    1.3166 -0.179019 0.0804119
-0.182641  0.715861 -0.179019  0.433128   0.51623
-0.109636  0.220781 0.0804119   0.51623   0.91078
x_ =   93.5087
  20.3468
   3.1606
-0.462193
0.0947685
P_ =  0.283718  -1.01914  0.194613 -0.180191 -0.101838
 -1.01914   5.22744 -0.773522   1.07897  0.547942
 0.194613 -0.773522   1.11147 -0.133282 0.0366045
-0.180191   1.07897 -0.133282   1.19766  0.928456
-0.101838  0.547942 0.0366045  0.928456  0.867809
x_ =   93.9203
  19.9419
  3.05212
 -1.35196
-0.127069
P_ =   0.294859    -1.0717  0.0989743  -0.141754 -0.0901358
   -1.0717     5.5323  -0.516334    1.09953   0.487686
 0.0989743  -0.516334    1.14561  -0.035103   0.053881
 -0.141754    1.09953  -0.035103    1.92821    1.22827
-0.0901358   0.487686   0.053881    1.22827   0.899471
x_ =    94.4078
   19.9773
   3.07085
   -1.2219
-0.0531206
P_ =   0.290393  -0.999852    0.09496 0.00482589  0.0395092
 -0.999852    5.08449   -0.63676  -0.232002 -0.0428112
   0.09496   -0.63676    1.21138 -0.0703728  0.0522701
0.00482589  -0.232002 -0.0703728   0.655229  -0.724954
 0.0395092 -0.0428112  0.0522701  -0.724954   0.990864
x_ =   95.7973
  18.1643
  2.79232
  -1.0931
-0.226345
P_ =   0.209454  -0.670848   0.174402 -0.0140464 -0.0635738
 -0.670848    3.69874   -1.00596  0.0847903   0.019839
  0.174402   -1.00596    1.17516 -0.0552303  -0.030697
-0.0140464  0.0847903 -0.0552303  0.0149156   0.021519
-0.0635738   0.019839  -0.030697   0.021519   0.134056
x_ =    96.7878
   17.1151
   2.39637
  -1.08001
-0.0624003
P_ =   0.167523  -0.618641   0.222089   -0.01256 -0.0226887
 -0.618641    3.78855    -1.2174  0.0845568 -0.0308903
  0.222089    -1.2174    1.01808 -0.0487361   0.012227
  -0.01256  0.0845568 -0.0487361  0.0174237  0.0198973
-0.0226887 -0.0308903   0.012227  0.0198973  0.0748115
x_ =   97.7714
  16.2769
  2.11399
-0.976958
0.0408803
P_ =   0.164703  -0.617433   0.215031 -0.0284243 -0.0393298
 -0.617433    3.78735    -1.1256   0.175889  0.0661879
  0.215031    -1.1256   0.775027  -0.104147 -0.0564801
-0.0284243   0.175889  -0.104147  0.0319064  0.0331748
-0.0393298  0.0661879 -0.0564801  0.0331748   0.092316
x_ =   98.6846
  16.0818
  1.73537
-0.816334
0.0390878
P_ =   0.153538  -0.594829   0.187392 -0.0506562 -0.0466442
 -0.594829    3.87109   -1.06119   0.307569   0.107744
  0.187392   -1.06119   0.653903  -0.168089 -0.0908193
-0.0506562   0.307569  -0.168089  0.0788057  0.0666678
-0.0466442   0.107744 -0.0908193  0.0666678   0.130914
x_ =   99.3111
  16.0211
   1.3814
-0.488979
 0.346239
P_ =   0.151535  -0.600396   0.174566 -0.0791528 -0.0544631
 -0.600396    3.95799   -1.00802   0.471132   0.147207
  0.174566   -1.00802   0.586328  -0.235891  -0.114568
-0.0791528   0.471132  -0.235891   0.182688   0.131786
-0.0544631   0.147207  -0.114568   0.131786   0.200346
x_ =    100.448
   15.8389
   1.41145
-0.0429807
  0.349455
P_ =   0.147556  -0.563174   0.110158  -0.125245 -0.0652942
 -0.563174    3.53886  -0.573285   0.761331   0.321057
  0.110158  -0.573285   0.306308  -0.237376  -0.126553
 -0.125245   0.761331  -0.237376   0.611414   0.436313
-0.0652942   0.321057  -0.126553   0.436313   0.466702
x_ =  101.334
 15.8429
 1.45379
0.249882
0.287486
P_ =   0.148326  -0.594801  0.0764492  -0.185258 -0.0591608
 -0.594801    3.91019  -0.417026    1.35139   0.509517
 0.0764492  -0.417026   0.343571  -0.134317 -0.0350129
 -0.185258    1.35139  -0.134317    1.52737   0.849288
-0.0591608   0.509517 -0.0350129   0.849288   0.681678
x_ =   102.211
   15.591
  1.59085
 0.325133
0.0786824
P_ =    0.15854   -0.65198  0.0359517  -0.280478 -0.0606607
  -0.65198    4.53665  -0.211727    1.86401   0.572801
 0.0359517  -0.211727   0.448971   0.017625  0.0351107
 -0.280478    1.86401   0.017625    3.10825    1.37406
-0.0606607   0.572801  0.0351107    1.37406   0.852378
x_ =     102.899
    15.1561
    1.85233
  -0.310587
-0.00838398
P_ =   0.176925  -0.736409 -0.0214352  -0.215107 -0.0633675
 -0.736409    5.15955 0.00968498    1.82613   0.448456
-0.0214352 0.00968498   0.572229   0.156509  0.0456997
 -0.215107    1.82613   0.156509    2.46503  -0.534723
-0.0633675   0.448456  0.0456997  -0.534723    1.10517
x_ =     103.82
   15.2952
    2.1059
-0.0360761
  0.172478
P_ =   0.203496  -0.804056   0.010247  -0.253883 -0.0566335
 -0.804056    5.49992  -0.158527    1.67118    0.22835
  0.010247  -0.158527   0.608522 -0.0761544 -0.0327995
 -0.253883    1.67118 -0.0761544    1.17233    0.45295
-0.0566335    0.22835 -0.0327995    0.45295    1.29843
x_ =   105.238
  14.4082
  2.25152
 -0.17446
0.0688315
P_ =   0.202208  -0.835764  0.0388002  -0.276023 -0.0894226
 -0.835764     6.0066  -0.185329    2.00786   0.656349
 0.0388002  -0.185329   0.676349 -0.0671994 -0.0220572
 -0.276023    2.00786 -0.0671994    2.31283    1.52582
-0.0894226   0.656349 -0.0220572    1.52582    1.47619
x_ =    106.453
   14.3539
   2.49123
   0.33017
-0.0197006
P_ =   0.195327  -0.855459 0.00333061  -0.301231 -0.0523247
 -0.855459    6.40438  -0.194756    1.73767   0.554523
0.00333061  -0.194756   0.780152  -0.125262 0.00488097
 -0.301231    1.73767  -0.125262    2.27125  -0.741851
-0.0523247   0.554523 0.00488097  -0.741851    1.66924
x_ =    108.049
   13.8665
   2.72126
  0.021868
-0.0852537
P_ =     0.21432   -0.893152 -0.00840481   -0.258933  -0.0465121
  -0.893152     6.75499  -0.0408004      1.9189    0.373478
-0.00840481  -0.0408004    0.812004   0.0386548   0.0316774
  -0.258933      1.9189   0.0386548     1.40209    0.875538
 -0.0465121    0.373478   0.0316774    0.875538     1.92369
x_ =   109.337
   13.476
  2.74606
-0.276635
-0.107594
P_ =     0.21019   -0.909496  0.00701627   -0.278718   -0.113697
  -0.909496     7.22978  -0.0154171      2.2352    0.862325
 0.00701627  -0.0154171    0.911224 -0.00769628 -0.00281936
  -0.278718      2.2352 -0.00769628     3.61201     2.35012
  -0.113697    0.862325 -0.00281936     2.35012     1.98852
x_ =   111.303
  13.3485
  2.99719
-0.166686
-0.142209
P_ =   0.214301  -0.932888 0.00410268   -0.24485 -0.0194358
 -0.932888    7.16223  -0.327498    1.69523   0.256267
0.00410268  -0.327498   0.949404  -0.173005 0.00915397
  -0.24485    1.69523  -0.173005   0.750856 -0.0796159
-0.0194358   0.256267 0.00915397 -0.0796159    2.27029
x_ =   112.778
  12.7094
  2.83317
 -0.43881
-0.215134
P_ =   0.189064  -0.832526   0.079613  -0.174134 -0.0549769
 -0.832526    7.50222  -0.573024    1.63072   0.500626
  0.079613  -0.573024   0.861126  -0.220279 -0.0834721
 -0.174134    1.63072  -0.220279    1.88135    1.90861
-0.0549769   0.500626 -0.0834721    1.90861    2.37775
x_ =   114.825
  12.4095
  2.93198
-0.300188
-0.281712
P_ =   0.179846  -0.769793  0.0536138  -0.125235 -0.0245521
 -0.769793    7.00832  -0.653006   0.676557   0.724288
 0.0536138  -0.653006   0.958829  -0.240143 0.00371091
 -0.125235   0.676557  -0.240143   0.361394  -0.367714
-0.0245521   0.724288 0.00371091  -0.367714    2.28516
x_ =   116.902
   11.913
  2.78462
-0.217421
 0.248793
P_ =   0.139765   -0.64292   0.136255  -0.114684 -0.0860313
  -0.64292    6.83052  -0.883869    1.21302   0.641912
  0.136255  -0.883869   0.786473  -0.250565 -0.0452041
 -0.114684    1.21302  -0.250565    1.21922    1.36887
-0.0860313   0.641912 -0.0452041    1.36887    1.84501
x_ =  118.941
 11.7723
 2.96395
0.349567
0.123972
P_ =  0.129908 -0.636709 0.0381809 -0.175685 -0.015746
-0.636709   7.27673  -0.63106   1.23943  0.617396
0.0381809  -0.63106  0.814952 -0.203242  0.078534
-0.175685   1.23943 -0.203242   2.23245   -1.2631
-0.015746  0.617396  0.078534   -1.2631   1.94608
x_ =   120.904
   11.831
  3.19658
 0.260218
0.0536045
P_ =    0.168127   -0.749111  0.00238512    -0.15242 -0.00769891
  -0.749111     7.71593  -0.0748185     1.55561    0.162509
 0.00238512  -0.0748185    0.803676    0.146063    0.107828
   -0.15242     1.55561    0.146063    0.956391    0.711554
-0.00769891    0.162509    0.107828    0.711554     2.15694
x_ =   123.106
  12.6787
  3.23103
 0.330242
0.0103491
P_ =   0.182078  -0.878336 -0.0177893  -0.243527  -0.103859
 -0.878336    8.76398   0.275505    2.38423    1.07626
-0.0177893   0.275505   0.903111   0.213752  0.0915235
 -0.243527    2.38423   0.213752    3.27262    2.40726
 -0.103859    1.07626  0.0915235    2.40726    2.17592
x_ =   125.372
  12.8385
  3.50783
0.0693387
0.0414772
P_ =   0.185585  -0.945179 -0.0915289   -0.21194 -0.0566455
 -0.945179     9.5517   0.450718    2.26856   0.382309
-0.0915289   0.450718   0.974534   0.188323  0.0498207
  -0.21194    2.26856   0.188323    0.96927  -0.175161
-0.0566455   0.382309  0.0498207  -0.175161    2.45013
x_ =   127.423
  13.1004
  3.48917
0.0849824
0.0406339
P_ =     0.214697     -1.03993   -0.0330985    -0.216738   -0.0675736
    -1.03993      10.1471     0.243411      2.14712     0.674203
  -0.0330985     0.243411     0.893433    0.0387887 -0.000680633
   -0.216738      2.14712    0.0387887      2.06307      2.08228
  -0.0675736     0.674203 -0.000680633      2.08228      2.64251
x_ =   130.248
  13.6553
  3.69324
 0.162057
0.0490786
P_ =   0.197527   -1.03167 -0.0750935  -0.184036 -0.0300439
  -1.03167     10.162   0.142383    1.86118    0.26934
-0.0750935   0.142383   0.858955  0.0164777 -0.0129393
 -0.184036    1.86118  0.0164777    1.09192  -0.759972
-0.0300439    0.26934 -0.0129393  -0.759972    2.93354
x_ =   132.376
  14.2598
   3.6343
  0.23865
0.0112783
P_ =    0.222187    -1.11429 -0.00961839   -0.195461  -0.0447926
   -1.11429     10.5382    0.146949     1.85556    0.485662
-0.00961839    0.146949    0.825118   0.0204479  -0.0116297
  -0.195461     1.85556   0.0204479     1.89916     2.13866
 -0.0447926    0.485662  -0.0116297     2.13866     3.18057
x_ =   135.049
  14.5845
  3.86718
  0.12968
0.0412375
P_ =   0.220351    -1.1254 -0.0551723  -0.167582 -0.0422337
   -1.1254     10.545   0.199894    1.71117   0.241202
-0.0551723   0.199894   0.836002  0.0830129 -0.0551721
 -0.167582    1.71117  0.0830129    1.00093   -0.49632
-0.0422337   0.241202 -0.0551721   -0.49632    3.46493
x_ =   137.618
  15.9829
  3.99114
 0.345629
0.0894816
P_ =   0.235021   -1.21172 -0.0103125  -0.225202 -0.0676442
  -1.21172    11.2068   0.152727    2.06566   0.617714
-0.0103125   0.152727   0.875122 0.00774596 -0.0380915
 -0.225202    2.06566 0.00774596    2.78471    2.87459
-0.0676442   0.617714 -0.0380915    2.87459    3.68483
x_ =   140.288
    16.93
  4.25292
 0.343248
0.0743582
P_ =   0.250226   -1.29127 -0.0866859  -0.177712  0.0197155
  -1.29127    11.4213   0.395984    1.66756  -0.191946
-0.0866859   0.395984   0.861993  0.0929999 0.00488288
 -0.177712    1.66756  0.0929999   0.555626   0.268973
 0.0197155  -0.191946 0.00488288   0.268973    3.94618
x_ =   142.547
  18.5658
  4.03407
-0.396074
 0.881651
P_ =   0.292833   -1.50549 -0.0495404  -0.104556  -0.132068
  -1.50549    11.7187   0.536607    1.27022   0.707493
-0.0495404   0.536607   0.905225  -0.163617   0.239531
 -0.104556    1.27022  -0.163617    3.71721   -2.12026
 -0.132068   0.707493   0.239531   -2.12026      3.258
x_ =  145.751
 18.9543
 4.21753
0.483351
0.933667
P_ =    0.28475   -1.44645 -0.0291841  -0.243839 -0.0517552
  -1.44645    11.5127   0.164618    2.05922   0.538667
-0.0291841   0.164618    1.04776  0.0734604    0.22144
 -0.243839    2.05922  0.0734604    1.84461    1.10012
-0.0517552   0.538667    0.22144    1.10012    3.51771
x_ =  148.316
 19.3378
 4.01395
0.184364
0.852294
P_ =    0.308005    -1.58316 -0.00772388  -0.0432852   -0.194461
   -1.58316     12.0968   0.0570442    0.543405     1.54649
-0.00772388   0.0570442     1.11628   -0.101548    0.289824
 -0.0432852    0.543405   -0.101548     4.13028     1.37762
  -0.194461     1.54649    0.289824     1.37762     3.04851
x_ =  150.832
 20.0817
 4.01378
0.489661
0.812471
P_ =    0.282695    -1.40707 -0.00044675   -0.239185   -0.184967
   -1.40707     10.7824   0.0360278      2.0493     1.33522
-0.00044675   0.0360278     1.22489    0.156533    0.284312
  -0.239185      2.0493    0.156533     2.15644     1.57291
  -0.184967     1.33522    0.284312     1.57291     3.07306
x_ =  153.672
 21.0613
 3.90303
0.045104
0.591495
P_ =   0.304887    -1.5731 -0.0181199 -0.0535388  -0.217143
   -1.5731    12.0668  0.0894205   0.760764    1.56509
-0.0181199  0.0894205    1.28402  -0.128369    0.23137
-0.0535388   0.760764  -0.128369    1.65372   0.403317
 -0.217143    1.56509    0.23137   0.403317    2.76697
x_ =  156.271
 23.1282
 3.96583
0.871576
0.725871
P_ =   0.317981   -1.65361  0.0200995  -0.407009  -0.255162
  -1.65361    12.3534 -0.0553416    3.17797    1.98923
 0.0200995 -0.0553416    1.36159   0.111018   0.223354
 -0.407009    3.17797   0.111018    3.91249    2.44785
 -0.255162    1.98923   0.223354    2.44785    2.51873
x_ =    159.3
 23.9566
 3.95731
 0.35146
0.525611
P_ =   0.321058   -1.64089 -0.0128469  -0.150084 -0.0942756
  -1.64089    11.9127 -0.0393998    1.05723   0.533651
-0.0128469 -0.0393998    1.41815 -0.0890181  0.0882408
 -0.150084    1.05723 -0.0890181   0.210495   0.197781
-0.0942756   0.533651  0.0882408   0.197781    2.55246
x_ =   161.77
 26.3909
  3.7043
 1.01896
0.558314
P_ =  0.401418  -1.97239 -0.016005 -0.357256 -0.218004
 -1.97239   12.5529  0.525502   2.16247   1.36842
-0.016005  0.525502  0.940748  0.476247  0.426917
-0.357256   2.16247  0.476247   2.05052   2.07522
-0.218004   1.36842  0.426917   2.07522    2.2733
x_ =  164.352
 27.5617
 3.28444
0.506072
0.488436
P_ =    0.43038   -2.06364 -0.0524419 -0.0689476  -0.294257
  -2.06364    12.7899   0.270011    0.52433    1.53198
-0.0524419   0.270011    0.85553  0.0649677   0.375329
-0.0689476    0.52433  0.0649677   0.296789  -0.304683
 -0.294257    1.53198   0.375329  -0.304683    1.99902
x_ =   166.928
  28.5034
  3.15543
 0.290914
-0.385979
P_ =   0.408583    -1.8436 -0.0701409  -0.191034  -0.051704
   -1.8436    10.5516   0.733928    1.21377   0.635903
-0.0701409   0.733928   0.736516   0.251657  0.0530682
 -0.191034    1.21377   0.251657   0.806905    0.85031
 -0.051704   0.635903  0.0530682    0.85031    1.14883
x_ =   169.428
   30.418
  3.30286
 0.175293
-0.186289
P_ =   0.451172   -2.12207  -0.116261   -0.46073  -0.218357
  -2.12207    11.9023   0.786196    2.63835    1.12134
 -0.116261   0.786196   0.799872     0.1112 -0.0191482
  -0.46073    2.63835     0.1112     3.1486    1.87742
 -0.218357    1.12134 -0.0191482    1.87742    1.30571
x_ =   172.225
   32.038
  3.54972
 0.356626
-0.186707
P_ =   0.580253   -2.65528 -0.0898456  -0.597709 -0.0987565
  -2.65528    14.2454   0.302745    3.01126   0.606842
-0.0898456   0.302745   0.908325 -0.0961076  -0.022681
 -0.597709    3.01126 -0.0961076    1.45252  -0.481822
-0.0987565   0.606842  -0.022681  -0.481822    1.57728
x_ =   174.537
  33.3011
  3.73747
 0.307934
-0.156791
P_ =   0.654673   -2.93855 -0.0497944  -0.548853  -0.103046
  -2.93855    15.8058  0.0940227    2.94108   0.544507
-0.0497944  0.0940227   0.948772  -0.055131 -0.0230429
 -0.548853    2.94108  -0.055131     1.2679    1.09738
 -0.103046   0.544507 -0.0230429    1.09738    1.85301
x_ =    177.134
   34.0525
   3.84767
   0.17797
-0.0952361
P_ =     0.724547     -3.18977  -0.00119847    -0.354849    -0.216923
    -3.18977       16.477   -0.0154809      1.81354      1.05971
 -0.00119847   -0.0154809      1.08364   -0.0659834 -0.000226181
   -0.354849      1.81354   -0.0659834      3.59713     -1.35623
   -0.216923      1.05971 -0.000226181     -1.35623      2.01265
x_ =    179.546
    35.098
   4.02382
  0.275947
-0.0363906
P_ =   0.721497   -3.18923  0.0163657   -0.59179  -0.193875
  -3.18923    16.6526  -0.152134    3.02331    1.00239
 0.0163657  -0.152134    1.20149 -0.0614005 0.00203344
  -0.59179    3.02331 -0.0614005    2.17637   0.554331
 -0.193875    1.00239 0.00203344   0.554331    2.23454
x_ =     182.026
    36.0201
    4.14695
   0.316583
-0.00919746
P_ =  0.806046  -3.53589 0.0107056 -0.816062 -0.325921
 -3.53589   18.2077 -0.101661   4.16311   1.65984
0.0107056 -0.101661   1.32397 0.0167158 0.0322152
-0.816062   4.16311 0.0167158   3.97968   2.29997
-0.325921   1.65984 0.0322152   2.29997   2.28335
x_ =    184.743
   36.3004
   4.34813
  0.145011
-0.0323312
P_ =   0.827268   -3.70511 -0.0574778  -0.847765  -0.188946
  -3.70511     19.018  0.0704447    4.34805   0.936129
-0.0574778  0.0704447    1.43865  0.0642632  0.0310717
 -0.847765    4.34805  0.0642632    1.69661   0.367021
 -0.188946   0.936129  0.0310717   0.367021    2.51031
x_ =     187.225
    36.8883
    4.47773
   0.179555
-0.00442729
P_ =     0.908533     -4.00329   -0.0495024     -0.92411    -0.313615
    -4.00329      20.3278    0.0275587      4.66485      1.57798
  -0.0495024    0.0275587       1.5008    0.0209826 -0.000106634
    -0.92411      4.66485    0.0209826      2.89998       2.3132
   -0.313615      1.57798 -0.000106634       2.3132      2.57076
x_ =    189.643
   37.0782
   4.65054
  0.132765
-0.0160862
P_ =   0.869715    -3.9388 -0.0642636  -0.823106  -0.148369
   -3.9388    20.0686 -0.0117124    4.14391   0.764676
-0.0642636 -0.0117124    1.58769  0.0108873  0.0024454
 -0.823106    4.14391  0.0108873    1.53203  -0.466933
 -0.148369   0.764676  0.0024454  -0.466933    2.82539
x_ =     191.539
    37.1383
    4.63949
  0.0946192
-0.00537819
P_ =    0.937648    -4.16232  -0.0453152   -0.751028   -0.190991
   -4.16232      21.241   -0.116454     3.80754     0.95728
 -0.0453152   -0.116454     1.56731 -0.00792938 -0.00289873
  -0.751028     3.80754 -0.00792938     2.20243      2.1801
  -0.190991     0.95728 -0.00289873      2.1801     3.04326
x_ =   193.437
  37.4226
  4.76421
 0.121036
-0.012059
P_ =   0.915449   -4.15316  -0.053554  -0.655572 -0.0641508
  -4.15316    21.3036  -0.194156    3.23801   0.439254
 -0.053554  -0.194156    1.55361  -0.055147  0.0341198
 -0.655572    3.23801  -0.055147    1.16093  -0.626301
-0.0641508   0.439254  0.0341198  -0.626301     3.3243
x_ =    195.356
   37.4473
    4.6218
 0.0614189
-0.0268301
P_ =    0.945818    -4.21352 0.000559666   -0.621432   -0.170894
   -4.21352     21.8444   -0.271917     3.18331    0.849859
0.000559666   -0.271917     1.42449  -0.0424137  0.00915475
  -0.621432     3.18331  -0.0424137     2.46527     2.61345
  -0.170894    0.849859  0.00915475     2.61345     3.55954
x_ =    197.411
   37.3705
   4.64175
0.00556561
  -0.03418
P_ =    0.922909     -4.1919 -0.00320594   -0.570086  0.00380234
    -4.1919     21.7257   -0.421059     2.86485    0.033803
-0.00320594   -0.421059     1.34466  -0.0782687   0.0219295
  -0.570086     2.86485  -0.0782687    0.768737  -0.0503522
 0.00380234    0.033803   0.0219295  -0.0503522     3.86092
x_ =   199.277
  37.0799
  4.51759
 0.281326
-0.337261
P_ =  0.888451  -4.06675 0.0952527 -0.279057 -0.142594
 -4.06675   21.7915 -0.594847   1.49869  0.741138
0.0952527 -0.594847   1.31686  0.147188 -0.170381
-0.279057   1.49869  0.147188   3.11508  -2.93028
-0.142594  0.741138 -0.170381  -2.93028   3.73209
x_ =   200.855
  37.1824
   4.3261
-0.117702
-0.403035
P_ =  0.802449  -3.72407 0.0579082 -0.356313  0.055438
 -3.72407   20.1661 -0.416317   1.86429 -0.377821
0.0579082 -0.416317   1.17776 -0.106086 -0.239996
-0.356313   1.86429 -0.106086   0.76949  0.930146
 0.055438 -0.377821 -0.239996  0.930146   3.95329
x_ =    202.637
   36.9106
   4.21719
-0.0415766
 -0.514137
P_ =   0.733623   -3.53604   0.161999  -0.306367  -0.299176
  -3.53604    19.9873  -0.863808    1.55583    1.64418
  0.161999  -0.863808    1.24458 -0.0688442  -0.376741
 -0.306367    1.55583 -0.0688442    4.49192   0.817979
 -0.299176    1.64418  -0.376741   0.817979     3.5538
x_ =   203.591
  37.2033
  4.05944
 -0.47885
-0.732824
P_ =  0.770946  -3.67184   0.13792 -0.757924 -0.400144
 -3.67184   20.4189 -0.741331   4.08679   2.33368
  0.13792 -0.741331   1.29904 -0.297256 -0.382011
-0.757924   4.08679 -0.297256   4.01842   2.66693
-0.400144   2.33368 -0.382011   2.66693   3.43247
Accuracy - RMSE:
0.249102
0.707066
 1.63246
0.932646
