Data load is complete.
Number of measurements :100, Number of ground truths: 100
Initializing Fusion Unscented Kalman Filter
x_ =     1.54252
  -0.135452
   0.828329
1.38778e-17
2.77556e-17
P_ = 0.0222558         0 0.0119521         0         0
        0 0.0220049         0         0         0
0.0119521         0  0.617513         0         0
        0         0         0   2.07562   1.15125
        0         0         0   1.15125    1.3025
x_ =    3.86095
 -0.134395
   1.80175
0.00265291
0.00220282
P_ =    0.0221839 -3.22573e-18    0.0102659  -1.9497e-19  9.74852e-20
 2.43713e-19    0.0184874 -1.65142e-18    0.0464199    0.0385443
   0.0102659 -1.65142e-18     0.486616   6.3319e-18 -3.16595e-18
 -1.9497e-19    0.0464199   6.3319e-18      2.12858    -0.739676
 9.74852e-20    0.0385443 -3.16595e-18    -0.739676      1.23475
x_ =   6.84426
 0.411027
  2.31407
 0.493294
0.0785693
P_ =    0.0223216  2.14417e-07   0.00474195 -7.51758e-05 -1.18949e-05
 2.14417e-07    0.0222618  1.64842e-05    0.0203465   0.00318176
  0.00474195  1.64842e-05     0.563057  0.000103489  1.98779e-05
-7.51758e-05    0.0203465  0.000103489      0.22161     0.374539
-1.18949e-05   0.00318176  1.98779e-05     0.374539      1.49475
x_ =   9.06697
 0.597464
  2.51754
-0.378028
-0.630779
P_ =   0.0222907   8.272e-07  0.00537016  -0.0113705 -0.00853181
  8.272e-07   0.0222959   0.0030092   0.0187853   0.0139308
 0.00537016   0.0030092    0.582756   0.0137252   0.0126713
 -0.0113705   0.0187853   0.0137252    0.202823    0.281171
-0.00853181   0.0139308   0.0126713    0.281171    0.503334
x_ =  11.5653
 1.64423
 2.41205
0.720746
0.423399
P_ =   0.0222301 2.95414e-05  0.00734819   0.0111704  0.00689532
2.95414e-05   0.0222484 -0.00481325   0.0124173  0.00752461
 0.00734819 -0.00481325    0.520523  -0.0575127  -0.0413911
  0.0111704   0.0124173  -0.0575127    0.132883    0.195786
 0.00689532  0.00752461  -0.0413911    0.195786    0.353743
x_ =   13.5827
  2.32579
  2.41274
 0.342595
-0.074828
P_ =    0.0221785 -5.87168e-05   0.00861787   -0.0126817  -0.00771376
-5.87168e-05    0.0220563   0.00851893   0.00971182   0.00620404
  0.00861787   0.00851893     0.380623    0.0481241    0.0432805
  -0.0126817   0.00971182    0.0481241     0.119457     0.185027
 -0.00771376   0.00620404    0.0432805     0.185027     0.337315
x_ =    16.6166
   2.90247
   2.94816
-0.0524765
 -0.284935
P_ =    0.0219618 -2.98825e-05    0.0102185  -0.00495209   -0.0032873
-2.98825e-05    0.0222018   0.00470658    0.0144608   0.00891685
   0.0102185   0.00470658     0.331322   -0.0202685   -0.0213227
 -0.00495209    0.0144608   -0.0202685     0.124581     0.191146
  -0.0032873   0.00891685   -0.0213227     0.191146     0.340503
x_ =  19.0106
 3.69373
 2.86648
0.390064
0.163988
P_ =   0.0220874 2.26935e-05  0.00775807  0.00297826   0.0019872
2.26935e-05   0.0222898 -0.00184793   0.0127034  0.00783147
 0.00775807 -0.00184793    0.378282   -0.010092 -0.00468934
 0.00297826   0.0127034   -0.010092    0.109308    0.179667
  0.0019872  0.00783147 -0.00468934    0.179667    0.331724
x_ =  21.3276
 4.73141
 2.94589
  0.4895
0.123373
P_ =    0.0221114 -8.06362e-05   0.00847523   -0.0061841  -0.00388926
-8.06362e-05    0.0222206   0.00382202    0.0120014   0.00758731
  0.00847523   0.00382202     0.379721    0.0157366    0.0141936
  -0.0061841    0.0120014    0.0157366     0.105621     0.176149
 -0.00388926   0.00758731    0.0141936     0.176149     0.327001
x_ =   24.0687
  5.57238
  3.08076
  0.18109
-0.151384
P_ =    0.0221176 -8.53189e-05   0.00770455   -0.0070227  -0.00452913
-8.53189e-05    0.0222309    0.0051273    0.0109289   0.00686086
  0.00770455    0.0051273      0.38055   0.00109509  -0.00184736
  -0.0070227    0.0109289   0.00109509     0.107211     0.177923
 -0.00452913   0.00686086  -0.00184736     0.177923      0.32811
x_ =  26.6039
 6.95067
 3.14013
0.646206
0.238479
P_ =     0.022105 -2.20077e-05   0.00858105  -0.00119128 -0.000731519
-2.20077e-05    0.0222907   0.00106845    0.0125047   0.00790742
  0.00858105   0.00106845     0.394965   -0.0105446  -0.00850948
 -0.00119128    0.0125047   -0.0105446      0.10363     0.174834
-0.000731519   0.00790742  -0.00850948     0.174834     0.325618
x_ =   29.5746
  8.09171
  3.30124
 0.214907
-0.187289
P_ =    0.0222025 -9.49198e-05   0.00663852   -0.0086605  -0.00550521
-9.49198e-05    0.0222006   0.00572747   0.00884293   0.00562157
  0.00663852   0.00572747     0.400928    0.0185562    0.0153928
  -0.0086605   0.00884293    0.0185562      0.10195     0.173286
 -0.00550521   0.00562157    0.0153928     0.173286     0.323993
x_ =  31.9463
 9.86865
  3.2804
0.785112
0.295605
P_ =    0.0221279 -1.35721e-05   0.00823718  -0.00141663 -0.000948874
-1.35721e-05     0.022314   0.00163252    0.0116817   0.00743603
  0.00823718   0.00163252     0.411525   -0.0189372   -0.0172417
 -0.00141663    0.0116817   -0.0189372     0.100699     0.172454
-0.000948874   0.00743603   -0.0172417     0.172454     0.323256
x_ =   34.6096
  10.7137
  3.15723
 0.235614
-0.244877
P_ =    0.0222534 -8.55643e-05   0.00567343  -0.00962252  -0.00612845
-8.55643e-05    0.0221799   0.00647464   0.00701633   0.00450698
  0.00567343   0.00647464      0.41359    0.0244997    0.0208082
 -0.00962252   0.00701633    0.0244997    0.0998616      0.17135
 -0.00612845   0.00450698    0.0208082      0.17135      0.32197
x_ =  37.1411
  12.079
 3.21775
0.552388
0.113901
P_ =    0.0221018 -7.45271e-06   0.00892943  -0.00140546   -0.0009707
-7.45271e-06    0.0222954   0.00185452    0.0122193   0.00780129
  0.00892943   0.00185452     0.401944   -0.0242652   -0.0219754
 -0.00140546    0.0122193   -0.0242652     0.101609     0.172712
  -0.0009707   0.00780129   -0.0219754     0.172712     0.322986
x_ =    40.3155
   13.4637
   3.52579
  0.327505
-0.0990812
P_ =    0.0221897 -9.54912e-05   0.00754465  -0.00676941  -0.00424239
-9.54912e-05    0.0222294   0.00437307   0.00990243   0.00635346
  0.00754465   0.00437307      0.40354    0.0164657    0.0160676
 -0.00676941   0.00990243    0.0164657     0.102386     0.173814
 -0.00424239   0.00635346    0.0160676     0.173814     0.324287
x_ =   42.7688
  14.2867
  3.50758
 0.259977
-0.079465
P_ =   0.0219959  -0.0116607   0.0127713 -0.00938929 -0.00609428
 -0.0116607     2.70693    0.553565     1.25632    0.795536
  0.0127713    0.553565     0.26413    0.276061    0.174507
-0.00938929     1.25632    0.276061    0.673308    0.534599
-0.00609428    0.795536    0.174507    0.534599    0.552222
x_ =  45.3539
 16.0701
 3.57063
 0.80867
0.366624
P_ =   0.0224283 -0.00548131 0.000223534 -0.00303215 -0.00148357
-0.00548131     12.7093     1.26616     4.45606     1.75398
0.000223534     1.26616     0.46315    0.419613    0.152051
-0.00303215     4.45606    0.419613     1.65508    0.781934
-0.00148357     1.75398    0.152051    0.781934    0.560395
x_ =  48.1432
 18.5469
 3.86666
0.655403
 0.20437
P_ =   0.0224157   0.0117362  0.00154092 -0.00637818 -0.00244258
  0.0117362     24.1795     1.26853     7.83122      2.4386
 0.00154092     1.26853    0.565597     0.45771   0.0808306
-0.00637818     7.83122     0.45771     2.63228    0.936849
-0.00244258      2.4386   0.0808306    0.936849    0.605218
x_ =   50.6188
  20.7082
  4.01253
 0.470105
0.0975052
P_ =   0.0224557   0.0186354  0.00153697 -0.00411207 -0.00125216
  0.0186354      24.541    0.578562    -3.14938     3.37969
 0.00153697    0.578562    0.561416     0.14661   0.0549806
-0.00411207    -3.14938     0.14661     1.75595  -0.0420199
-0.00125216     3.37969   0.0549806  -0.0420199    0.841068
x_ =   53.7226
   20.384
  3.39869
0.0700367
-0.279158
P_ =    0.022459   0.0115085 4.31641e-05  -0.0028254 -0.00041977
  0.0115085     16.0201   -0.044145     3.49802     2.99656
4.31641e-05   -0.044145    0.361968   0.0703264   -0.161311
 -0.0028254     3.49802   0.0703264     2.34929    0.849015
-0.00041977     2.99656   -0.161311    0.849015      1.0224
x_ =   56.0292
  20.3929
  3.45783
-0.130205
-0.265274
P_ =    0.0224703  -0.00405498  0.000594443  -0.00235866 -0.000877982
 -0.00405498      31.2236    0.0183089      9.75447       4.3569
 0.000594443    0.0183089     0.552559   -0.0406913     -0.14274
 -0.00235866      9.75447   -0.0406913      3.60634      1.51597
-0.000877982       4.3569     -0.14274      1.51597      1.15768
x_ =   58.6611
  19.1737
  3.39219
0.0601553
 -0.21849
P_ =    0.0224452  -0.00126791   0.00272049  -0.00295851 -0.000734351
 -0.00126791      25.5425    -0.831586     -1.28548      4.97731
  0.00272049    -0.831586     0.560109     0.153547   -0.0797587
 -0.00295851     -1.28548     0.153547      1.86742    -0.132701
-0.000734351      4.97731   -0.0797587    -0.132701      1.43859
x_ =   60.8698
  21.8182
  3.10335
 -0.93643
0.0994104
P_ =    0.0224586 -0.000280221   0.00114871  0.000495132  0.000193903
-0.000280221      31.5481       0.2288      8.50109       5.9331
  0.00114871       0.2288     0.635951    -0.154259  -0.00383412
 0.000495132      8.50109    -0.154259      2.62578      1.63864
 0.000193903       5.9331  -0.00383412      1.63864      1.67045
x_ =  63.3743
 21.3512
 2.47766
0.687287
0.371448
P_ =    0.0224258   -0.0206232 -0.000405421   0.00562947  0.000413302
  -0.0206232      27.1823     0.153148     -4.26204       5.8454
-0.000405421     0.153148     0.564695     0.161123      0.10498
  0.00562947     -4.26204     0.161123      1.03599    -0.574112
 0.000413302       5.8454      0.10498    -0.574112      1.92883
x_ =  66.3203
 25.0516
 2.67854
-0.22649
0.207457
P_ =     0.022283     0.006786 -0.000983641    -0.013333  -0.00623142
    0.006786      19.2152   -0.0894299      3.61322      4.98709
-0.000983641   -0.0894299     0.609196     0.235193    -0.139434
   -0.013333      3.61322     0.235193      1.06721      1.16462
 -0.00623142      4.98709    -0.139434      1.16462      1.74803
x_ =    68.252
   24.723
  2.78262
 -1.10426
-0.053994
P_ =   0.0223991 -0.00226537  0.00167234  -0.0076586  -0.0016526
-0.00226537     29.9618    0.231232    -7.61761     6.63819
 0.00167234    0.231232    0.752132    0.128051   -0.162468
 -0.0076586    -7.61761    0.128051     2.66214     -1.4572
 -0.0016526     6.63819   -0.162468     -1.4572     1.94359
x_ =   70.8165
  18.8474
  2.71762
-0.575029
-0.742933
P_ =   0.0223978  -0.0368379  0.00144116  0.00858461 -0.00424079
 -0.0368379     10.8507   -0.892633     1.68319     3.97116
 0.00144116   -0.892633    0.758909   -0.428128   -0.286907
 0.00858461     1.68319   -0.428128    0.622056    0.707431
-0.00424079     3.97116   -0.286907    0.707431     1.87662
x_ =   72.8831
  18.8431
  2.51327
-0.306376
-0.173063
P_ =   0.0223864   0.0136543 -0.00203479   0.0141237  0.00855875
  0.0136543     15.2008    -2.19522     4.80647     2.78116
-0.00203479    -2.19522    0.867015   -0.634461   -0.299011
  0.0141237     4.80647   -0.634461     1.71894     1.17815
 0.00855875     2.78116   -0.299011     1.17815     1.06148
x_ =   74.9967
  19.8865
  2.53914
-0.433022
 0.299758
P_ =   0.0224397  0.00867678 0.000520503 9.78359e-05  0.00428715
 0.00867678     10.5847    -1.91474    -6.49596     1.07288
0.000520503    -1.91474     1.03476     1.16321   -0.202118
9.78359e-05    -6.49596     1.16321     4.17176   -0.445634
 0.00428715     1.07288   -0.202118   -0.445634    0.466903
x_ =   77.1198
  19.4393
   2.5793
-0.843268
 0.167829
P_ =  0.0224336 0.00154667 0.00120825 0.00366332 0.00272576
0.00154667    11.9489   -2.15134   -4.73698    1.52293
0.00120825   -2.15134    1.21514   0.880009  -0.255769
0.00366332   -4.73698   0.880009    1.98811  -0.435524
0.00272576    1.52293  -0.255769  -0.435524   0.529216
x_ =   79.1021
  17.6122
  3.05558
-0.268931
 0.125861
P_ =  0.0223513 -0.0212143 0.00691165  0.0101717 0.00198331
-0.0212143    3.05136   0.348628  -0.416632   0.674288
0.00691165   0.348628   0.636034   0.320746  0.0337175
 0.0101717  -0.416632   0.320746   0.964168 -0.0308949
0.00198331   0.674288  0.0337175 -0.0308949   0.488938
x_ =    80.8118
   18.3477
   3.18303
-0.0414012
    0.3363
P_ =   0.0222692 -0.00950276  0.00203049  0.00281757 -0.00349732
-0.00950276     5.02609    0.554028     2.24322    0.457304
 0.00203049    0.554028    0.633902    0.155154   -0.097868
 0.00281757     2.24322    0.155154     1.26947    0.500281
-0.00349732    0.457304   -0.097868    0.500281    0.597307
x_ =  82.6182
 18.3057
 3.23798
0.240032
0.322787
P_ =    0.0224277  -0.00119478   0.00115684  -0.00113311 -0.000264651
 -0.00119478      18.6136     0.707566      6.67544      1.96934
  0.00115684     0.707566     0.778897     0.154648   -0.0476294
 -0.00113311      6.67544     0.154648      2.76422      1.15122
-0.000264651      1.96934   -0.0476294      1.15122      0.84457
x_ =   84.1701
  17.1932
  3.29084
 0.831825
0.0955112
P_ =   0.0224603 -0.00492302 0.000950053  0.00171779 -0.00231055
-0.00492302     10.4091  -0.0996188    -0.82409     1.97412
0.000950053  -0.0996188    0.915404   -0.318113  -0.0517449
 0.00171779    -0.82409   -0.318113     3.50564    0.880973
-0.00231055     1.97412  -0.0517449    0.880973    0.930965
x_ =   85.6349
  17.9627
  3.46033
 0.806025
0.0591984
P_ =   0.0223569  0.00522331  0.00852833 -0.00308593 -0.00286119
 0.00522331     15.4466   -0.456397      3.3361     1.67763
 0.00852833   -0.456397    0.609629   -0.179959    0.116728
-0.00308593      3.3361   -0.179959     1.70982  -0.0227245
-0.00286119     1.67763    0.116728  -0.0227245     1.13728
x_ =   86.9424
  18.4402
  3.21024
   0.3644
-0.590469
P_ =   0.0224445   -0.011329  0.00130077 -0.00851873 -0.00235191
  -0.011329     32.6859    0.442779     6.61135      2.5928
 0.00130077    0.442779    0.635231   0.0861085  -0.0833601
-0.00851873     6.61135   0.0861085     1.55258    0.817171
-0.00235191      2.5928  -0.0833601    0.817171    0.895293
x_ =  88.8199
 17.6816
 3.37609
-1.25447
-1.36018
P_ =    0.0224601  -0.00230051   0.00122759  -0.00103657 -0.000524594
 -0.00230051      50.9017      0.53752      12.7734      4.14774
  0.00122759      0.53752     0.794288     0.103087   -0.0147199
 -0.00103657      12.7734     0.103087        3.305       1.2166
-0.000524594      4.14774   -0.0147199       1.2166     0.704995
x_ =  89.4943
 15.3521
    3.67
-1.87652
-1.24427
P_ =    0.0223558 -0.000801084  -0.00497452    0.0101344   0.00266424
-0.000801084      65.1092     0.919788     -8.44114      4.31052
 -0.00497452     0.919788     0.597816    -0.183885    0.0330133
   0.0101344     -8.44114    -0.183885      1.22442    -0.291083
  0.00266424      4.31052    0.0330133    -0.291083     0.949677
x_ =   90.4921
  8.02846
  2.76762
 -1.31333
-0.512248
P_ =   0.0223569  -0.0504647 -0.00571761   0.0121364  0.00389692
 -0.0504647     74.3112   -0.966328    -2.37786     4.78727
-0.00571761   -0.966328    0.563216    0.335942    0.212448
  0.0121364    -2.37786    0.335942    0.637849    0.474125
 0.00389692     4.78727    0.212448    0.474125     1.08096
x_ =   91.7078
  13.0752
  2.96913
 -1.54554
-0.103216
P_ =  0.0223545  0.0385134 0.00504749  0.0137223 0.00889991
 0.0385134    41.3168   -1.56771    3.63379    3.88119
0.00504749   -1.56771   0.545016  -0.135931  -0.159783
 0.0137223    3.63379  -0.135931   0.497004   0.577002
0.00889991    3.88119  -0.159783   0.577002   0.750675
x_ =   92.8622
  19.0307
  2.12129
-0.801481
 0.319027
P_ =   0.0223862   0.0286319 0.000367215   0.0147004  0.00824739
  0.0286319     17.6591  -0.0608097    0.761726    0.235513
0.000367215  -0.0608097    0.514323  -0.0253935  -0.0227871
  0.0147004    0.761726  -0.0253935     0.14263    0.189181
 0.00824739    0.235513  -0.0227871    0.189181    0.339927
x_ =  93.4918
 23.4035
 1.07659
0.156448
0.629361
P_ =  0.0219972   0.006139  0.0115009 0.00920235 0.00569037
  0.006139     7.9466   0.507443   -0.89437  -0.750628
 0.0115009   0.507443   0.358597  -0.038872 -0.0340347
0.00920235   -0.89437  -0.038872   0.260563   0.301625
0.00569037  -0.750628 -0.0340347   0.301625   0.429477
x_ = 95.2663
21.9569
2.16164
1.70071
1.05837
P_ =   0.0216286   0.0224707   0.0169983 -0.00948396 -0.00553562
  0.0224707     2.71033    0.175194      0.9039    0.607554
  0.0169983    0.175194     0.22937    0.122058   0.0790801
-0.00948396      0.9039    0.122058    0.483428    0.419157
-0.00553562    0.607554   0.0790801    0.419157    0.489252
x_ = 95.5055
19.7289
1.84843
2.58271
 1.1829
P_ =     0.022253 -8.64247e-05  -0.00276036   -0.0183836  -0.00954433
-8.64247e-05    0.0222526   0.00143772  -0.00427433  -0.00378647
 -0.00276036   0.00143772     0.374412   -0.0282104   -0.0226413
  -0.0183836  -0.00427433   -0.0282104     0.496855     0.353709
 -0.00954433  -0.00378647   -0.0226413     0.353709     0.422015
x_ = 96.2375
19.1718
1.26268
4.60637
1.60242
P_ =   0.0221742 7.89117e-06 -0.00648284  0.00176676  0.00108333
7.89117e-06   0.0220962   0.0021766  -0.0246108  -0.0117052
-0.00648284   0.0021766    0.437797     0.10725   0.0573607
 0.00176676  -0.0246108     0.10725     0.19672    0.210127
 0.00108333  -0.0117052   0.0573607    0.210127    0.382937
x_ = 97.5031
18.7183
1.52435
6.98007
2.03037
P_ =   0.0216702 1.87471e-05     0.01222   0.0206572   0.0108802
1.87471e-05    0.021252  -0.0157396   0.0178328   0.0123261
    0.01222  -0.0157396    0.268679   0.0872432   0.0529719
  0.0206572   0.0178328   0.0872432    0.292901    0.289068
  0.0108802   0.0123261   0.0529719    0.289068    0.416096
x_ =  98.1902
 18.4324
0.876522
 8.38393
 1.77152
P_ =    0.0218233 -8.85369e-05  -0.00135143   -0.0271396   -0.0146853
-8.85369e-05    0.0213447    0.0111914  -0.00702585  -0.00530182
 -0.00135143    0.0111914     0.355479     0.120563    0.0572494
  -0.0271396  -0.00702585     0.120563     0.263812     0.257216
  -0.0146853  -0.00530182    0.0572494     0.257216     0.389935
x_ =    98.942
  17.4376
-0.676424
  11.0785
  2.45641
P_ =    0.021141  0.00021799  -0.0208883 -0.00832328 -0.00188063
 0.00021799   0.0210967  0.00550664  -0.0300002  -0.0167245
 -0.0208883  0.00550664    0.233515   0.0992509   0.0551698
-0.00832328  -0.0300002   0.0992509    0.475242    0.396979
-0.00188063  -0.0167245   0.0551698    0.396979    0.477977
x_ =  99.8577
 17.0247
0.460377
 14.3712
 2.82782
P_ =    0.0200126 -0.000204701    0.0125984  -0.00543223  -0.00303467
-0.000204701    0.0208743   -0.0134687   -0.0387478   -0.0184286
   0.0125984   -0.0134687     0.241422     -0.16339   -0.0933629
 -0.00543223   -0.0387478     -0.16339     0.899134     0.586804
 -0.00303467   -0.0184286   -0.0933629     0.586804     0.571365
x_ = 100.989
16.5778
-1.0839
19.3479
3.75293
P_ =    0.0191395 -0.000229429   -0.0184366     0.016054   0.00716835
-0.000229429    0.0205629    0.0112967   -0.0376004   -0.0156016
  -0.0184366    0.0112967     0.260734    0.0841775    0.0511078
    0.016054   -0.0376004    0.0841775      1.86372     0.951115
  0.00716835   -0.0156016    0.0511078     0.951115     0.723822
x_ =   102.284
  16.3425
-0.486302
  22.8036
   4.6144
P_ =     0.020842 -0.000920879   0.00968911  -0.00478149    0.0139465
-0.000920879    0.0203955    0.0189543     0.014661    0.0142279
  0.00968911    0.0189543     0.290974    0.0156904   -0.0856178
 -0.00478149     0.014661    0.0156904      3.11894    -0.646178
   0.0139465    0.0142279   -0.0856178    -0.646178     0.882636
x_ =  102.823
 15.7222
0.615801
 29.4867
 5.32395
P_ =  0.0186302 0.00118483 0.00697487  0.0200817 0.00676994
0.00118483  0.0151297 -0.0194679 -0.0313905 -0.0108531
0.00697487 -0.0194679   0.438032  -0.168556  -0.119537
 0.0200817 -0.0313905  -0.168556    2.58971   0.320949
0.00676994 -0.0108531  -0.119537   0.320949    1.16229
x_ = 103.761
15.4406
2.16511
 32.368
3.47809
P_ =  0.0163015 0.00133159  0.0196697 -0.0423232  -0.033093
0.00133159   0.016809 -0.0289397  0.0109898 0.00490173
 0.0196697 -0.0289397   0.465108  -0.145111 -0.0246166
-0.0423232  0.0109898  -0.145111    4.17987    1.40931
 -0.033093 0.00490173 -0.0246166    1.40931    1.28721
x_ = 105.506
14.4487
1.93379
36.0838
3.59439
P_ =     0.022003 -0.000156393  0.000614349   -0.0126962  -0.00115542
-0.000156393    0.0221232   0.00504685   -0.0240302   -0.0038596
 0.000614349   0.00504685     0.594931     0.142832    0.0286135
  -0.0126962   -0.0240302     0.142832     0.609755     0.220252
 -0.00115542   -0.0038596    0.0286135     0.220252      1.54971
x_ = 106.801
14.0575
2.22591
38.5856
2.76815
P_ =   0.0216926 7.58673e-05  0.00869454  -0.0199733  -0.0166723
7.58673e-05   0.0219679   0.0017902   0.0301762   0.0182141
 0.00869454   0.0017902    0.690856    0.245985    0.125473
 -0.0199733   0.0301762    0.245985    0.655986    0.611372
 -0.0166723   0.0182141    0.125473    0.611372    0.980027
x_ = 108.068
13.6762
1.84095
40.9774
2.67028
P_ =    0.0222694 -1.43489e-05  -0.00485573   -0.0172193  -0.00878596
-1.43489e-05    0.0220851  0.000944005   -0.0210712   -0.0130762
 -0.00485573  0.000944005     0.787346    0.0690251   -0.0218427
  -0.0172193   -0.0210712    0.0690251      0.68237     0.481283
 -0.00878596   -0.0130762   -0.0218427     0.481283     0.568574
x_ = 109.481
 13.557
1.26069
46.3259
4.02822
P_ =    0.0217983 -8.37571e-05  -0.00484078    0.0362161    0.0179831
-8.37571e-05    0.0221655  -0.00916304   0.00152317   0.00188753
 -0.00484078  -0.00916304     0.729307     0.222951     0.095364
   0.0362161   0.00152317     0.222951     0.395801     0.270733
   0.0179831   0.00188753     0.095364     0.270733         0.41
x_ = 110.946
12.6106
1.31432
53.1006
5.33349
P_ =    0.0208009 -0.000384407  -0.00705966    0.0337707    0.0175322
-0.000384407    0.0204724   -0.0204169  -0.00692175  0.000604562
 -0.00705966   -0.0204169     0.719967     0.317413     0.135607
   0.0337707  -0.00692175     0.317413     0.642391     0.458283
   0.0175322  0.000604562     0.135607     0.458283     0.525765
x_ = 112.633
12.4877
0.99981
61.1704
6.28679
P_ =    0.0192782 -1.63216e-05  -0.00362649     0.031682    0.0110701
-1.63216e-05    0.0167175    6.346e-05    0.0451574    0.0271627
 -0.00362649    6.346e-05     0.918384     0.488045     0.147684
    0.031682    0.0451574     0.488045      1.49865     0.815504
   0.0110701    0.0271627     0.147684     0.815504     0.663158
x_ = 113.856
 12.539
1.74858
 69.582
6.63055
P_ =   0.0122966 9.09183e-05  0.00918634   0.0217123  0.00339975
9.09183e-05   0.0171024  -0.0276763   0.0306588  0.00779244
 0.00918634  -0.0276763    0.971518    0.773933    0.184622
  0.0217123   0.0306588    0.773933     3.64586     1.57796
 0.00339975  0.00779244    0.184622     1.57796    0.953186
x_ = 116.062
12.4242
1.67927
 76.432
4.54215
P_ =    0.0178036   0.00153783   0.00281207    0.0123448   -0.0166053
  0.00153783    0.0164152    0.0204622    0.0645974 -0.000490161
  0.00281207    0.0204622      1.09041     0.688188     0.217274
   0.0123448    0.0645974     0.688188      1.90942    -0.184739
  -0.0166053 -0.000490161     0.217274    -0.184739      1.19068
x_ = 118.766
11.9745
1.41401
82.4126
6.17791
P_ =    0.0210357 -0.000354582  -0.00327433   0.00625916    0.0115069
-0.000354582    0.0211858   -0.0107567   -0.0403182  -0.00818509
 -0.00327433   -0.0107567      1.20477     0.580117     0.154008
  0.00625916   -0.0403182     0.580117      1.35473     0.734339
   0.0115069  -0.00818509     0.154008     0.734339      1.30475
x_ =  120.29
 12.337
2.36269
89.7788
8.09671
P_ =   0.0179134  0.00101199  0.00892899   0.0160885   0.0218746
 0.00101199   0.0171342    0.016626  -0.0306177 -0.00639168
 0.00892899    0.016626     1.32264    0.800687    0.117084
  0.0160885  -0.0306177    0.800687     4.00488     2.10537
  0.0218746 -0.00639168    0.117084     2.10537     1.50245
x_ =   123.211
  12.7896
-0.992375
   93.252
   9.0583
P_ =   0.0201263 1.84029e-05  -0.0206582  -0.0262058  0.00655693
1.84029e-05   0.0206911  -0.0101253  -0.0283664 -0.00114955
 -0.0206582  -0.0101253     1.28686    0.527242    0.167901
 -0.0262058  -0.0283664    0.527242    0.954356   -0.113165
 0.00655693 -0.00114955    0.167901   -0.113165     1.78617
x_ = 124.452
12.6749
3.18098
104.324
9.70683
P_ =   0.0168833  -0.0014458   0.0519974   0.0241448  0.00792694
 -0.0014458   0.0185916  -0.0077561  -0.0223322 -0.00422861
  0.0519974  -0.0077561    0.881604    0.300956   0.0570376
  0.0241448  -0.0223322    0.300956     2.25558     1.73957
 0.00792694 -0.00422861   0.0570376     1.73957     2.06637
x_ =   127.6
13.1642
 5.4946
118.541
10.9476
P_ =    0.0208911 -0.000670478    0.0151948    0.0242621   0.00772376
-0.000670478    0.0204772   0.00389092    0.0309941   0.00394303
   0.0151948   0.00389092     0.937185     0.158102    -0.014892
   0.0242621    0.0309941     0.158102      1.30881     -0.42952
  0.00772376   0.00394303    -0.014892     -0.42952      2.33149
x_ = 129.832
13.6463
5.55463
125.906
  9.692
P_ =    0.0213613 -0.000332909  0.000141584   -0.0346962     -0.01114
-0.000332909    0.0211879   0.00347404   -0.0147079   -0.0126367
 0.000141584   0.00347404      1.12997     0.160421    0.0129988
  -0.0346962   -0.0147079     0.160421      1.78254      1.67854
    -0.01114   -0.0126367    0.0129988      1.67854      2.45258
x_ = 131.984
14.4732
5.05175
 132.69
8.24808
P_ =     0.021521 -0.000203358  -0.00531112   -0.0243689   -0.0130166
-0.000203358    0.0220022      0.00221   -0.0138778  -0.00304907
 -0.00531112      0.00221      1.27956     0.105326   -0.0551086
  -0.0243689   -0.0138778     0.105326      1.41512    -0.647652
  -0.0130166  -0.00304907   -0.0551086    -0.647652      2.58175
x_ =  134.94
15.0573
4.64808
137.978
9.17671
P_ =   0.0215742 0.000121172  -0.0035038  -0.0206586   0.0060313
0.000121172   0.0218658  0.00870365  0.00469939  0.00379743
 -0.0035038  0.00870365     1.35885  -0.0545786  -0.0934474
 -0.0206586  0.00469939  -0.0545786     2.30976     2.20513
  0.0060313  0.00379743  -0.0934474     2.20513     2.81093
x_ = 137.383
16.2313
6.82702
144.377
   8.53
P_ =   0.0207094  0.00045312   0.0192009  -0.0293069 -0.00623857
 0.00045312   0.0215458  0.00333032   0.0111849 0.000735013
  0.0192009  0.00333032     1.27557    0.129472  -0.0183212
 -0.0293069   0.0111849    0.129472    0.714664   -0.223324
-0.00623857 0.000735013  -0.0183212   -0.223324     3.09085
x_ = 140.285
17.0129
7.00301
152.294
9.22972
P_ =   0.0221291 7.03537e-05  0.00100541 -0.00528329  0.00584533
7.03537e-05    0.021809  0.00887878   0.0084593 -0.00571331
 0.00100541  0.00887878     1.35396   0.0256702    0.027457
-0.00528329   0.0084593   0.0256702     3.27716     3.15271
 0.00584533 -0.00571331    0.027457     3.15271     3.26993
x_ = 142.793
17.8742
6.31675
160.639
8.69446
P_ =    0.0219244 -0.000158069  -0.00662251  -0.00161922 -0.000561147
-0.000158069    0.0198109    0.0100043   -0.0182601   -0.0129485
 -0.00662251    0.0100043      1.42744      0.11411    0.0781751
 -0.00161922   -0.0182601      0.11411     0.181588     0.157483
-0.000561147   -0.0129485    0.0781751     0.157483      3.51001
x_ = 145.326
19.1277
6.18778
171.606
8.62202
P_ =    0.0217037  0.000182943   0.00699793    0.0289893 -0.000193531
 0.000182943    0.0218858  -0.00987138  -0.00817856 -0.000613149
  0.00699793  -0.00987138      1.44911   -0.0844029     0.070379
   0.0289893  -0.00817856   -0.0844029      2.85858     -2.83781
-0.000193531 -0.000613149     0.070379     -2.83781      3.81171
x_ = 148.171
20.4432
5.17407
179.389
 7.3814
P_ =     0.021911  0.000226858    -0.010632   0.00232667 -0.000997612
 0.000226858    0.0212349      0.01211   -0.0224754   -0.0202867
   -0.010632      0.01211      1.40514     0.174832     0.193048
  0.00232667   -0.0224754     0.174832     0.665713      0.75034
-0.000997612   -0.0202867     0.193048      0.75034      3.74971
x_ = 150.645
21.9198
1.88986
188.014
8.54721
P_ =     0.022149 -9.29059e-05  -0.00335845   0.00149644  -0.00207519
-9.29059e-05    0.0206439    -0.029744    0.0110571    0.0135036
 -0.00335845    -0.029744       1.1209     0.550163     0.394594
  0.00149644    0.0110571     0.550163      5.92329      4.57835
 -0.00207519    0.0135036     0.394594      4.57835      3.93211
x_ =  153.09
23.2617
3.49968
198.896
12.6632
P_ =   0.0199725 -0.00036171  0.00332997 -0.00329274    0.011549
-0.00036171   0.0196046   0.0188316   0.0428282   0.0423483
 0.00332997   0.0188316     1.20053    0.669609    0.116699
-0.00329274   0.0428282    0.669609     1.05974     1.39463
   0.011549   0.0423483    0.116699     1.39463     3.59945
x_ = 155.573
24.7149
2.17959
204.271
16.6876
P_ =   0.0179193  0.00122697 -0.00350871  -0.0298026  0.00758385
 0.00122697   0.0192383  -0.0117866  -0.0479221   0.0410495
-0.00350871  -0.0117866     1.34512     0.52091    0.309434
 -0.0298026  -0.0479221     0.52091      2.1131    0.242254
 0.00758385   0.0410495    0.309434    0.242254     3.25662
x_ =  158.23
25.5091
2.51674
228.856
20.2468
P_ =   0.0184806 -0.00136038  0.00323348   0.0410548   0.0154896
-0.00136038   0.0169072 -0.00251202   0.0314347   0.0220014
 0.00323348 -0.00251202     1.54249    0.809642     0.30875
  0.0410548   0.0314347    0.809642     5.45057     3.43463
  0.0154896   0.0220014     0.30875     3.43463      3.4447
x_ =  160.415
 26.4537
-5.13544
 243.582
 13.8306
P_ =  0.0168848 -0.0023112 -0.0304867 -0.0112547 -0.0274297
-0.0023112  0.0151229 -0.0382032 -0.0449443 -0.0290124
-0.0304867 -0.0382032    1.47704   0.896342  0.0890682
-0.0112547 -0.0449443   0.896342    2.22495    1.61706
-0.0274297 -0.0290124  0.0890682    1.61706    3.56433
x_ =  163.313
 28.6119
-11.3185
 249.468
   12.77
P_ =    0.0204756 -0.000163762   -0.0249829    -0.053628  0.000886739
-0.000163762    0.0212764   -0.0235628  -0.00140582   -0.0109773
  -0.0249829   -0.0235628     0.987836     0.375777    -0.096634
   -0.053628  -0.00140582     0.375777      2.88777      1.06707
 0.000886739   -0.0109773    -0.096634      1.06707      3.76558
x_ =  166.755
 30.1124
-12.5546
 266.347
 12.2593
P_ =    0.0221193 -6.72101e-05  -0.00279904    0.0103446   0.00579854
-6.72101e-05     0.021249   -0.0112587     0.034597    -0.023611
 -0.00279904   -0.0112587      1.07625     0.639878    -0.268006
   0.0103446     0.034597     0.639878      4.14965      3.01502
  0.00579854    -0.023611    -0.268006      3.01502      3.49002
x_ =  169.032
 31.3796
-13.3654
 279.152
 14.5947
P_ =   0.0218125 0.000340237 -0.00963335  0.00997701   0.0268843
0.000340237    0.021972  0.00628535  -0.0108445  -0.0164724
-0.00963335  0.00628535     1.13736    0.536601    0.122065
 0.00997701  -0.0108445    0.536601    0.554343    0.120437
  0.0268843  -0.0164724    0.122065    0.120437     2.71334
x_ =  172.133
  32.317
-13.6935
 293.986
   14.93
P_ =    0.0221859 -0.000103514  -0.00462137  -0.00130875   0.00155726
-0.000103514    0.0219523    0.0138184    0.0216225   0.00733048
 -0.00462137    0.0138184      0.81364   -0.0193105   -0.0586497
 -0.00130875    0.0216225   -0.0193105      2.63179       2.6988
  0.00155726   0.00733048   -0.0586497       2.6988      2.91764
x_ =  174.581
 33.4488
-13.3068
 308.461
 15.5574
P_ =    0.021953 0.000627706  0.00402465 0.000915555  0.00832958
0.000627706   0.0194665 -0.00653159  -0.0162551   -0.018229
 0.00402465 -0.00653159    0.984947  -0.0972729   -0.127104
0.000915555  -0.0162551  -0.0972729    0.283245   -0.342448
 0.00832958   -0.018229   -0.127104   -0.342448      3.0608
x_ =  176.887
  34.103
-14.5077
  327.01
 17.3646
P_ =    0.0212293 -0.000479061   -0.0109877    0.0242311    0.0145079
-0.000479061    0.0216929  -0.00362904    0.0128875   0.00794331
  -0.0109877  -0.00362904      1.09201   -0.0179226  -0.00368034
   0.0242311    0.0128875   -0.0179226      2.25023      2.57813
   0.0145079   0.00794331  -0.00368034      2.57813      3.18789
x_ = 179.894
35.0219
-14.259
344.811
 21.343
P_ =    0.0206365 -0.000735194   0.00155175  0.000396961    0.0320299
-0.000735194    0.0217672   0.00143617   0.00812687   0.00558697
  0.00155175   0.00143617      1.29169   -0.0367673   -0.0172316
 0.000396961   0.00812687   -0.0367673       0.4254    -0.194904
   0.0320299   0.00558697   -0.0172316    -0.194904      2.82759
x_ =    182.5
  35.666
-13.4469
 365.513
 21.0645
P_ =    0.0218361 -7.22707e-05   0.00459316   0.00320373  -0.00111271
-7.22707e-05    0.0210014   0.00292418   -0.0215791  -0.00230827
  0.00459316   0.00292418      1.45847   -0.0405043  -0.00597663
  0.00320373   -0.0215791   -0.0405043      2.60079      2.75714
 -0.00111271  -0.00230827  -0.00597663      2.75714      3.12502
x_ = 184.504
36.1468
-11.368
387.827
23.9554
P_ =    0.020989 -0.00145757  0.00654169  0.00916103  0.00996656
-0.00145757   0.0188533   0.0227431  0.00688691   0.0304985
 0.00654169   0.0227431     1.51213  -0.0718403    -0.20229
 0.00916103  0.00688691  -0.0718403    0.320887   -0.233778
 0.00996656   0.0304985    -0.20229   -0.233778     3.16712
x_ =  186.411
 36.8238
-13.4306
 417.672
 29.8836
P_ =    0.0183861 -0.000553771   -0.0153916    0.0457159    0.0441968
-0.000553771    0.0212436  -0.00368512   0.00467726    0.0107269
  -0.0153916  -0.00368512      1.65484    -0.105105   -0.0304117
   0.0457159   0.00467726    -0.105105      2.58621      2.59942
   0.0441968    0.0107269   -0.0304117      2.59942      2.97549
x_ = 188.836
37.3464
-13.924
446.211
  26.77
P_ =    0.0181983 -0.000259364  -0.00336112  -0.00681303   -0.0222861
-0.000259364     0.021385 -0.000304298   -0.0188215   0.00633654
 -0.00336112 -0.000304298      1.85471    -0.142542   -0.0471147
 -0.00681303   -0.0188215    -0.142542     0.795694    0.0781929
  -0.0222861   0.00633654   -0.0471147    0.0781929      3.10888
x_ =  191.639
 37.5398
-13.4607
 473.804
 26.5404
P_ =    0.021698 0.000186281 0.000875475    0.012181 -0.00123388
0.000186281   0.0206317   0.0141485  -0.0282088 -0.00299167
0.000875475   0.0141485     1.94339  -0.0033748  -0.0199884
   0.012181  -0.0282088  -0.0033748     3.59865     3.31147
-0.00123388 -0.00299167  -0.0199884     3.31147     3.40359
x_ =  193.229
 37.4084
-15.7155
 500.803
 27.0751
P_ =  0.0188573  0.0018369 -0.0337071 0.00739748 0.00885691
 0.0018369  0.0200034  0.0203412 0.00336776  0.0068572
-0.0337071  0.0203412    1.82687  0.0299739   0.037856
0.00739748 0.00336776  0.0299739   0.404143   0.430265
0.00885691  0.0068572   0.037856   0.430265     3.6029
x_ =  195.629
 37.3741
-16.4713
 520.804
 23.5898
P_ =    0.0199497 -0.000179382  -0.00535068   -0.0498817   -0.0245746
-0.000179382    0.0219661  -0.00463183   -0.0116092  -0.00536897
 -0.00535068  -0.00463183       1.9834    -0.102953   -0.0434216
  -0.0498817   -0.0116092    -0.102953      3.84166      3.64718
  -0.0245746  -0.00536897   -0.0434216      3.64718      3.64317
x_ = 197.611
37.7576
-16.775
545.212
23.0633
P_ =   0.0205324  0.00113791 -0.00551092   0.0102736  -0.0184933
 0.00113791   0.0208702  0.00357145 4.27263e-05   0.0250602
-0.00551092  0.00357145     2.17032   -0.119968     -0.1009
  0.0102736 4.27263e-05   -0.119968    0.466456    0.701855
 -0.0184933   0.0250602     -0.1009    0.701855      3.5595
x_ =  199.083
 37.3691
-17.5976
 576.828
 29.6128
P_ =   0.0205235 0.000694886 -0.00719538   0.0767776   0.0591498
0.000694886   0.0219431  0.00446832  -0.0396171  -0.0291085
-0.00719538  0.00446832      2.3346    0.136942    0.165995
  0.0767776  -0.0396171    0.136942     2.01294     1.77914
  0.0591498  -0.0291085    0.165995     1.77914     1.87074
x_ =  201.473
 37.0237
-16.5096
 610.309
 30.9436
P_ =   0.0218803 0.000140798  0.00876388   0.0318977  0.00929855
0.000140798   0.0219596 -0.00302125 -0.00590481  -0.0129589
 0.00876388 -0.00302125     2.41107    -0.14543   0.0125228
  0.0318977 -0.00590481    -0.14543     1.33764   -0.862222
 0.00929855  -0.0129589   0.0125228   -0.862222     1.80234
x_ = 202.847
36.4772
-16.213
639.799
29.4686
P_ =    0.0203852 -0.000457899   0.00616346    -0.028311   -0.0356486
-0.000457899    0.0207502   0.00278377  -0.00947463    -0.024858
  0.00616346   0.00278377      2.59434   -0.0474617     0.131465
   -0.028311  -0.00947463   -0.0474617      1.10539      0.57942
  -0.0356486    -0.024858     0.131465      0.57942      1.32597
x_ =  203.894
 36.2099
-15.5732
 673.283
 31.8658
P_ =    0.021017 0.000124577   0.0100422   0.0599567   0.0362312
0.000124577    0.021942 0.000929923  -0.0155875 -0.00623783
  0.0100422 0.000929923     2.72309   -0.287828   -0.103534
  0.0599567  -0.0155875   -0.287828     1.03846    0.530257
  0.0362312 -0.00623783   -0.103534    0.530257    0.724652
Accuracy - RMSE:
0.319107
 2.76411
 4.85391
 5.10034
